Pos	NumberSpanning	UniqueMers	Entropy	PrimerDeg	PrimerSeq	NumberMatching	FractionMatching
20	6	6	2.58496250072116	1	GAAGGAGCGCATCGGCACCA	1	0.166666666666667
21	6	6	2.58496250072116	1	AAGGACCGCGTGGGCACCAT	1	0.166666666666667
22	6	6	2.58496250072116	1	AGGACCGCGTGGGCACCATC	1	0.166666666666667
23	6	6	2.58496250072116	1	CGAGCGCCCGGGCATCATCA	1	0.166666666666667
24	6	6	2.58496250072116	1	GCCCGCGCCGGCGTGATCAA	1	0.166666666666667
25	6	6	2.58496250072116	1	GCCGCGTGGGCACCATCAAC	1	0.166666666666667
26	6	5	2.25162916738782	1	CCGCGTGGGCACCATCAACC	2	0.333333333333333
27	6	5	2.25162916738782	1	CGCGTGGGCACCATCAACCC	2	0.333333333333333
28	6	5	2.25162916738782	1	GCGTGGGCACCATCAACCCG	2	0.333333333333333
29	6	5	2.25162916738782	1	CGTGGGCACCATCAACCCGA	2	0.333333333333333
30	6	5	2.25162916738782	1	GTGGGCACCATCAACCCGAT	2	0.333333333333333
31	6	5	2.25162916738782	1	TGGGCACCATCAACCCGATC	2	0.333333333333333
32	6	5	2.25162916738782	1	GGGCACCATCAACCCGATCT	2	0.333333333333333
33	6	3	1.45914791702724	1	GGCACCATCAACCCGATCTT	3	0.5
34	6	3	1.45914791702724	1	GCACCATCAACCCGATCTTC	3	0.5
35	6	3	1.45914791702724	1	CACCATCAACCCGATCTTCA	3	0.5
36	6	3	1.45914791702724	1	ACCATCAACCCGATCTTCAC	3	0.5
37	6	3	1.45914791702724	1	CCATCAACCCGATCTTCACC	3	0.5
38	6	2	0.650022421648354	1	CATCAACCCGATCTTCACCT	5	0.833333333333333
39	6	1	0	1	ATCAACCCGATCTTCACCTG	6	1
40	6	1	0	1	TCAACCCGATCTTCACCTGC	6	1
41	6	1	0	1	CAACCCGATCTTCACCTGCC	6	1
42	6	1	0	1	AACCCGATCTTCACCTGCCA	6	1
43	6	1	0	1	ACCCGATCTTCACCTGCCAG	6	1
44	6	1	0	1	CCCGATCTTCACCTGCCAGC	6	1
45	6	1	0	1	CCGATCTTCACCTGCCAGCC	6	1
46	6	1	0	1	CGATCTTCACCTGCCAGCCG	6	1
47	6	2	0.91829583405449	1	GATCTTCACCTGCCAGCCGG	4	0.666666666666667
48	6	2	0.91829583405449	1	ATCTTCACCTGCCAGCCGGC	4	0.666666666666667
49	6	2	0.91829583405449	1	TCTTCACCTGCCAGCCGGCC	4	0.666666666666667
50	6	2	0.91829583405449	1	CTTCACCTGCCAGCCGGCCG	4	0.666666666666667
51	6	2	0.91829583405449	1	TTCACCTGCCAGCCGGCCGG	4	0.666666666666667
52	6	2	0.91829583405449	1	TCACCTGCCAGCCGGCCGGC	4	0.666666666666667
53	6	2	0.91829583405449	1	CACCTGCCAGCCGGCCGGCG	4	0.666666666666667
54	6	2	0.91829583405449	1	ACCTGCCAGCCGGCCGGCGC	4	0.666666666666667
55	6	2	0.91829583405449	1	CCTGCCAGCCGGCCGGCGCC	4	0.666666666666667
56	6	2	0.91829583405449	1	CTGCCAGCCGGCCGGCGCCC	4	0.666666666666667
57	6	2	0.91829583405449	1	TGCCAGCCGGCCGGCGCCCA	4	0.666666666666667
58	6	2	0.91829583405449	1	GCCAGCCGGCCGGCGCCCAG	4	0.666666666666667
59	6	2	0.91829583405449	1	CCAGCCGGCCGGCGCCCAGT	4	0.666666666666667
60	6	3	1.58496250072116	1	CAGCCGGCCGGCGCCCAGTT	2	0.333333333333333
61	6	3	1.58496250072116	1	AGCCGTGCGGCGCCCAGTAC	2	0.333333333333333
62	6	3	1.58496250072116	1	GCCGGCCGGCGCCCAGTACG	2	0.333333333333333
63	6	4	1.91829583405449	1	CCGGCCGGCGCCCAGTACGC	2	0.333333333333333
64	6	4	1.91829583405449	1	CGTGCGGCGCCCAGTACGCC	2	0.333333333333333
65	6	4	1.91829583405449	1	GTGCGGCGCCCAGTACGCCA	2	0.333333333333333
66	6	4	1.91829583405449	1	TGCGGCGCCCAGTACGCCAG	2	0.333333333333333
67	6	4	1.91829583405449	1	GCGGCGCCCAGTACGCCAGC	2	0.333333333333333
68	6	3	1.25162916738782	1	CGGCGCCCAGTACGCCAGCA	4	0.666666666666667
69	6	3	1.25162916738782	1	GGCGCCCAGTACGCCAGCAT	4	0.666666666666667
70	6	3	1.25162916738782	1	GCGCCCAGTACGCCAGCATC	4	0.666666666666667
71	6	3	1.25162916738782	1	CGCCCAGTACGCCAGCATCG	4	0.666666666666667
72	6	3	1.25162916738782	1	GCCCAGTACGCCAGCATCGG	4	0.666666666666667
73	6	3	1.25162916738782	1	CCCAGTACGCCAGCATCGGC	4	0.666666666666667
74	6	3	1.25162916738782	1	CCAGTACGCCAGCATCGGCA	4	0.666666666666667
75	6	3	1.25162916738782	1	CAGTACGCCAGCATCGGCAT	4	0.666666666666667
76	6	3	1.25162916738782	1	AGTACGCCAGCATCGGCATC	4	0.666666666666667
77	6	3	1.25162916738782	1	GTACGCCAGCATCGGCATCA	4	0.666666666666667
78	6	3	1.25162916738782	1	TACGCCAGCATCGGCATCAA	4	0.666666666666667
79	6	3	1.25162916738782	1	ACGCCAGCATCGGCATCAAG	4	0.666666666666667
80	6	2	0.650022421648354	1	CGCCAGCATCGGCATCAAGG	5	0.833333333333333
81	6	2	0.650022421648354	1	GCCAGCATCGGCATCAAGGA	5	0.833333333333333
82	6	3	1.25162916738782	1	CCAGCATCGGCATCAAGGAC	4	0.666666666666667
83	6	3	1.25162916738782	1	CAGCATCGGCATCAAGGACT	4	0.666666666666667
84	6	2	0.650022421648354	1	AGCATCGGCATCAAGGACTG	5	0.833333333333333
85	6	2	0.650022421648354	1	GCATCGGCATCAAGGACTGC	5	0.833333333333333
86	6	2	0.650022421648354	1	CATCGGCATCAAGGACTGCA	5	0.833333333333333
87	6	2	0.650022421648354	1	ATCGGCATCAAGGACTGCAT	5	0.833333333333333
88	6	2	0.650022421648354	1	TCGGCATCAAGGACTGCATC	5	0.833333333333333
89	6	2	0.650022421648354	1	CGGCATCAAGGACTGCATCG	5	0.833333333333333
90	6	3	1.25162916738782	1	GGCATCAAGGACTGCATCGG	4	0.666666666666667
91	6	3	1.25162916738782	1	GCATCAAGGACTGCATCGGC	4	0.666666666666667
92	6	3	1.25162916738782	1	CATCAAGGACTGCATCGGCA	4	0.666666666666667
93	6	3	1.25162916738782	1	ATCAAGGACTGCATCGGCAT	4	0.666666666666667
94	6	3	1.25162916738782	1	TCAAGGACTGCATCGGCATC	4	0.666666666666667
95	6	3	1.25162916738782	1	CAAGGACTGCATCGGCATCG	4	0.666666666666667
96	6	3	1.25162916738782	1	AAGGACTGCATCGGCATCGT	4	0.666666666666667
97	6	3	1.25162916738782	1	AGGACTGCATCGGCATCGTG	4	0.666666666666667
98	6	3	1.25162916738782	1	GGACTGCATCGGCATCGTGC	4	0.666666666666667
99	6	3	1.25162916738782	1	GACTGCATCGGCATCGTGCA	4	0.666666666666667
100	6	3	1.25162916738782	1	ACTGCATCGGCATCGTGCAC	4	0.666666666666667
101	6	3	1.25162916738782	1	CTGCATCGGCATCGTGCACG	4	0.666666666666667
102	6	2	0.650022421648354	1	TGCATCGGCATCGTGCACGG	5	0.833333333333333
103	6	2	0.650022421648354	1	GCATCGGCATCGTGCACGGC	5	0.833333333333333
104	6	2	0.650022421648354	1	CATCGGCATCGTGCACGGCG	5	0.833333333333333
105	6	2	0.650022421648354	1	ATCGGCATCGTGCACGGCGG	5	0.833333333333333
106	6	2	0.650022421648354	1	TCGGCATCGTGCACGGCGGC	5	0.833333333333333
107	6	2	0.650022421648354	1	CGGCATCGTGCACGGCGGCC	5	0.833333333333333
108	6	2	0.650022421648354	1	GGCATCGTGCACGGCGGCCA	5	0.833333333333333
109	6	2	0.650022421648354	1	GCATCGTGCACGGCGGCCAG	5	0.833333333333333
110	6	1	0	1	CATCGTGCACGGCGGCCAGG	6	1
111	6	1	0	1	ATCGTGCACGGCGGCCAGGG	6	1
112	6	1	0	1	TCGTGCACGGCGGCCAGGGC	6	1
113	6	1	0	1	CGTGCACGGCGGCCAGGGCT	6	1
114	6	1	0	1	GTGCACGGCGGCCAGGGCTG	6	1
115	6	1	0	1	TGCACGGCGGCCAGGGCTGC	6	1
116	6	1	0	1	GCACGGCGGCCAGGGCTGCG	6	1
117	6	1	0	1	CACGGCGGCCAGGGCTGCGT	6	1
118	6	1	0	1	ACGGCGGCCAGGGCTGCGTG	6	1
119	6	1	0	1	CGGCGGCCAGGGCTGCGTGA	6	1
120	6	1	0	1	GGCGGCCAGGGCTGCGTGAT	6	1
121	6	1	0	1	GCGGCCAGGGCTGCGTGATG	6	1
122	6	1	0	1	CGGCCAGGGCTGCGTGATGT	6	1
123	6	1	0	1	GGCCAGGGCTGCGTGATGTT	6	1
124	6	1	0	1	GCCAGGGCTGCGTGATGTTC	6	1
125	6	1	0	1	CCAGGGCTGCGTGATGTTCG	6	1
126	6	1	0	1	CAGGGCTGCGTGATGTTCGT	6	1
127	6	1	0	1	AGGGCTGCGTGATGTTCGTG	6	1
128	6	1	0	1	GGGCTGCGTGATGTTCGTGC	6	1
129	6	1	0	1	GGCTGCGTGATGTTCGTGCG	6	1
130	6	1	0	1	GCTGCGTGATGTTCGTGCGC	6	1
131	6	2	0.650022421648354	1	CTGCGTGATGTTCGTGCGCC	5	0.833333333333333
132	6	2	0.650022421648354	1	TGCGTGATGTTCGTGCGCCT	5	0.833333333333333
133	6	2	0.650022421648354	1	GCGTGATGTTCGTGCGCCTG	5	0.833333333333333
134	6	3	1.25162916738782	1	CGTGATGTTCGTGCGCCTGC	4	0.666666666666667
135	6	3	1.25162916738782	1	GTGATGTTCGTGCGCCTGCT	4	0.666666666666667
136	6	3	1.25162916738782	1	TGATGTTCGTGCGCCTGCTG	4	0.666666666666667
137	6	4	1.79248125036058	1	GATGTTCGTGCGCCTGCTGA	3	0.5
138	6	4	1.79248125036058	1	ATGTTCGTGCGCCTGCTGAT	3	0.5
139	6	4	1.79248125036058	1	TGTTCGTGCGCCTGCTGATC	3	0.5
140	6	4	1.79248125036058	1	GTTCGTGCGCCTGCTGATCA	3	0.5
141	6	4	1.79248125036058	1	TTCGTGCGCCTGCTGATCAG	3	0.5
142	6	4	1.79248125036058	1	TCGTGCGCCTGCTGATCAGC	3	0.5
143	6	4	1.79248125036058	1	CGTGCGCCTGCTGATCAGCC	3	0.5
144	6	4	1.79248125036058	1	GTGCGCCTGCTGATCAGCCA	3	0.5
145	6	4	1.79248125036058	1	TGCGCCTGCTGATCAGCCAG	3	0.5
146	6	4	1.79248125036058	1	GCGCCTGCTGATCAGCCAGC	3	0.5
147	6	4	1.79248125036058	1	CGCCTGCTGATCAGCCAGCA	3	0.5
148	6	4	1.79248125036058	1	GCCTGCTGATCAGCCAGCAC	3	0.5
149	6	4	1.79248125036058	1	CCTGCTGATCAGCCAGCACC	3	0.5
150	6	4	1.79248125036058	1	CTGCTGATCAGCCAGCACCT	3	0.5
151	6	4	1.79248125036058	1	TGCTGATCAGCCAGCACCTG	3	0.5
152	6	4	1.79248125036058	1	GCTGATCAGCCAGCACCTGA	3	0.5
153	6	4	1.79248125036058	1	CTGATCAGCCAGCACCTGAA	3	0.5
154	6	4	1.79248125036058	1	TGATCAGCCAGCACCTGAAG	3	0.5
155	6	4	1.79248125036058	1	GATCAGCCAGCACCTGAAGG	3	0.5
156	6	4	1.79248125036058	1	ATCAGCCAGCACCTGAAGGA	3	0.5
157	6	4	1.79248125036058	1	TCAGCCAGCACCTGAAGGAG	3	0.5
158	6	4	1.79248125036058	1	CAGCCAGCACCTGAAGGAGA	3	0.5
159	6	4	1.79248125036058	1	AGCCAGCACCTGAAGGAGAG	3	0.5
160	6	4	1.79248125036058	1	GCCAGCACCTGAAGGAGAGC	3	0.5
161	6	4	1.79248125036058	1	CCAGCACCTGAAGGAGAGCT	3	0.5
162	6	4	1.79248125036058	1	CAGCACCTGAAGGAGAGCTT	3	0.5
163	6	4	1.79248125036058	1	AGCACCTGAAGGAGAGCTTC	3	0.5
164	6	4	1.79248125036058	1	GCACCTGAAGGAGAGCTTCG	3	0.5
165	6	4	1.79248125036058	1	CACCTGAAGGAGAGCTTCGA	3	0.5
166	6	4	1.79248125036058	1	ACCTGAAGGAGAGCTTCGAG	3	0.5
167	6	4	1.79248125036058	1	CCTGAAGGAGAGCTTCGAGA	3	0.5
168	6	4	1.79248125036058	1	CTGAAGGAGAGCTTCGAGAT	3	0.5
169	6	4	1.79248125036058	1	TGAAGGAGAGCTTCGAGATC	3	0.5
170	6	4	1.79248125036058	1	GAAGGAGAGCTTCGAGATCG	3	0.5
171	6	3	1.25162916738782	1	AAGGAGAGCTTCGAGATCGC	4	0.666666666666667
172	6	3	1.25162916738782	1	AGGAGAGCTTCGAGATCGCC	4	0.666666666666667
173	6	3	1.25162916738782	1	GGAGAGCTTCGAGATCGCCA	4	0.666666666666667
174	6	3	1.25162916738782	1	GAGAGCTTCGAGATCGCCAG	4	0.666666666666667
175	6	3	1.25162916738782	1	AGAGCTTCGAGATCGCCAGC	4	0.666666666666667
176	6	3	1.25162916738782	1	GAGCTTCGAGATCGCCAGCA	4	0.666666666666667
177	6	2	0.650022421648354	1	AGCTTCGAGATCGCCAGCAG	5	0.833333333333333
178	6	2	0.650022421648354	1	GCTTCGAGATCGCCAGCAGC	5	0.833333333333333
179	6	2	0.650022421648354	1	CTTCGAGATCGCCAGCAGCA	5	0.833333333333333
180	6	2	0.650022421648354	1	TTCGAGATCGCCAGCAGCAG	5	0.833333333333333
181	6	2	0.650022421648354	1	TCGAGATCGCCAGCAGCAGC	5	0.833333333333333
182	6	3	1.45914791702724	1	CGAGATCGCCAGCAGCAGCG	3	0.5
183	6	3	1.45914791702724	1	GAGATCGCCAGCAGCAGCGT	3	0.5
184	6	3	1.45914791702724	1	AGATCGCCAGCAGCAGCGTG	3	0.5
185	6	3	1.45914791702724	1	GATCGCCAGCAGCAGCGTGC	3	0.5
186	6	3	1.45914791702724	1	ATCGCCAGCAGCAGCGTGCA	3	0.5
187	6	3	1.45914791702724	1	TCGCCAGCAGCAGCGTGCAC	3	0.5
188	6	3	1.45914791702724	1	CGCCAGCAGCAGCGTGCACG	3	0.5
189	6	2	1	1	GCCAGCAGCAGCGTGCACGA	3	0.5
190	6	2	1	1	CCAGCAGCAGCCTGCACGAG	3	0.5
191	6	2	1	1	CAGCAGCAGCCTGCACGAGG	3	0.5
192	6	2	1	1	AGCAGCAGCCTGCACGAGGA	3	0.5
193	6	2	1	1	GCAGCAGCCTGCACGAGGAC	3	0.5
194	6	2	1	1	CAGCAGCCTGCACGAGGACG	3	0.5
195	6	2	1	1	AGCAGCGTGCACGAGGACGG	3	0.5
196	6	2	1	1	GCAGCGTGCACGAGGACGGC	3	0.5
197	6	2	1	1	CAGCGTGCACGAGGACGGCG	3	0.5
198	6	2	1	1	AGCCTGCACGAGGACGGCGC	3	0.5
199	6	2	1	1	GCGTGCACGAGGACGGCGCC	3	0.5
200	6	3	1.45914791702724	1	CCTGCACGAGGACGGCGCCG	3	0.5
201	6	3	1.45914791702724	1	CTGCACGAGGACGGCGCCGT	3	0.5
202	6	2	0.650022421648354	1	TGCACGAGGACGGCGCCGTG	5	0.833333333333333
203	6	2	0.650022421648354	1	GCACGAGGACGGCGCCGTGT	5	0.833333333333333
204	6	2	0.650022421648354	1	CACGAGGACGGCGCCGTGTT	5	0.833333333333333
205	6	2	0.650022421648354	1	ACGAGGACGGCGCCGTGTTC	5	0.833333333333333
206	6	2	0.650022421648354	1	CGAGGACGGCGCCGTGTTCG	5	0.833333333333333
207	6	2	0.650022421648354	1	GAGGACGGCGCCGTGTTCGG	5	0.833333333333333
208	6	2	0.650022421648354	1	AGGACGGCGCCGTGTTCGGC	5	0.833333333333333
209	6	2	0.650022421648354	1	GGACGGCGCCGTGTTCGGCG	5	0.833333333333333
210	6	2	0.650022421648354	1	GACGGCGCCGTGTTCGGCGC	5	0.833333333333333
211	6	2	0.650022421648354	1	ACGGCGCCGTGTTCGGCGCC	5	0.833333333333333
212	6	3	1.25162916738782	1	CGGCGCCGTGTTCGGCGCCC	4	0.666666666666667
213	6	3	1.25162916738782	1	GGCGCCGTGTTCGGCGCCCT	4	0.666666666666667
214	6	3	1.25162916738782	1	GCGCCGTGTTCGGCGCCCTG	4	0.666666666666667
215	6	4	1.91829583405449	1	CGCCGTGTTCGGCGCCCTGA	2	0.333333333333333
216	6	4	1.91829583405449	1	GCCGTGTTCGGCGCCCTGGA	2	0.333333333333333
217	6	4	1.91829583405449	1	CCGTGTTCGGCGCCCTGGAC	2	0.333333333333333
218	6	4	1.91829583405449	1	CGTGTTCGGCGCCCTGGACC	2	0.333333333333333
219	6	4	1.91829583405449	1	GTGTTCGGCGCCCTGGACCG	2	0.333333333333333
220	6	4	1.91829583405449	1	TGTTCGGCGCCCTGGACCGC	2	0.333333333333333
221	6	4	1.91829583405449	1	GTTCGGCGCCCTGAACCGCG	2	0.333333333333333
222	6	3	1.45914791702724	1	TTCGGCGCCCTGAACCGCGT	3	0.5
223	6	3	1.45914791702724	1	TCGGCGCCCTGAACCGCGTG	3	0.5
224	6	3	1.45914791702724	1	CGGCGCCCTGAACCGCGTGG	3	0.5
225	6	3	1.45914791702724	1	GGCGCCCTGAACCGCGTGGA	3	0.5
226	6	3	1.45914791702724	1	GCGCCCTGAACCGCGTGGAG	3	0.5
227	6	4	1.79248125036058	1	CGCCCTGAACCGCGTGGAGG	3	0.5
228	6	4	1.79248125036058	1	GCCCTGAACCGCGTGGAGGA	3	0.5
229	6	4	1.79248125036058	1	CCCTGAACCGCGTGGAGGAG	3	0.5
230	6	4	1.79248125036058	1	CCTGAACCGCGTGGAGGAGG	3	0.5
231	6	4	1.79248125036058	1	CTGAACCGCGTGGAGGAGGC	3	0.5
232	6	4	1.79248125036058	1	TGAACCGCGTGGAGGAGGCC	3	0.5
233	6	4	1.79248125036058	1	GAACCGCGTGGAGGAGGCCG	3	0.5
234	6	4	1.79248125036058	1	AACCGCGTGGAGGAGGCCGT	3	0.5
235	6	4	1.79248125036058	1	ACCGCGTGGAGGAGGCCGTG	3	0.5
236	6	3	1.25162916738782	1	CCGCGTGGAGGAGGCCGTGG	4	0.666666666666667
237	6	3	1.25162916738782	1	CGCGTGGAGGAGGCCGTGGA	4	0.666666666666667
238	6	3	1.25162916738782	1	GCGTGGAGGAGGCCGTGGAC	4	0.666666666666667
239	6	3	1.25162916738782	1	CGTGGAGGAGGCCGTGGACG	4	0.666666666666667
240	6	3	1.25162916738782	1	GTGGAGGAGGCCGTGGACGT	4	0.666666666666667
241	6	3	1.25162916738782	1	TGGAGGAGGCCGTGGACGTG	4	0.666666666666667
242	6	3	1.25162916738782	1	GGAGGAGGCCGTGGACGTGC	4	0.666666666666667
243	6	3	1.25162916738782	1	GAGGAGGCCGTGGACGTGCT	4	0.666666666666667
244	6	3	1.25162916738782	1	AGGAGGCCGTGGACGTGCTG	4	0.666666666666667
245	6	3	1.25162916738782	1	GGAGGCCGTGGACGTGCTGC	4	0.666666666666667
246	6	3	1.25162916738782	1	GAGGCCGTGGACGTGCTGCT	4	0.666666666666667
247	6	2	0.650022421648354	1	AGGCCGTGGACGTGCTGCTG	5	0.833333333333333
248	6	2	0.650022421648354	1	GGCCGTGGACGTGCTGCTGA	5	0.833333333333333
249	6	3	1.25162916738782	1	GCCGTGGACGTGCTGCTGAT	4	0.666666666666667
250	6	3	1.25162916738782	1	CCGTGGACGTGCTGCTGATG	4	0.666666666666667
251	6	3	1.25162916738782	1	CGTGGACGTGCTGCTGATGC	4	0.666666666666667
252	6	3	1.25162916738782	1	GTGGACGTGCTGCTGATGCG	4	0.666666666666667
253	6	3	1.25162916738782	1	TGGACGTGCTGCTGATGCGC	4	0.666666666666667
254	6	3	1.25162916738782	1	GGACGTGCTGCTGATGCGCT	4	0.666666666666667
255	6	3	1.25162916738782	1	GACGTGCTGCTGATGCGCTA	4	0.666666666666667
256	6	3	1.25162916738782	1	ACGTGCTGCTGATGCGCTAC	4	0.666666666666667
257	6	3	1.25162916738782	1	CGTGCTGCTGATGCGCTACC	4	0.666666666666667
258	6	3	1.25162916738782	1	GTGCTGCTGATGCGCTACCC	4	0.666666666666667
259	6	3	1.25162916738782	1	TGCTGCTGATGCGCTACCCG	4	0.666666666666667
260	6	4	1.79248125036058	1	GCTGCTGATGCGCTACCCGG	3	0.5
261	6	4	1.79248125036058	1	CTGCTGATGCGCTACCCGGA	3	0.5
262	6	5	2.25162916738782	1	TGCTGATGCGCTACCCGGAC	2	0.333333333333333
263	6	5	2.25162916738782	1	GCTGATGCGCTACCCGGACG	2	0.333333333333333
264	6	5	2.25162916738782	1	CTGATGCGCTACCCGGACGT	2	0.333333333333333
265	6	5	2.25162916738782	1	TGATGCGCTACCCGGACGTG	2	0.333333333333333
266	6	5	2.25162916738782	1	GATGCGCTACCCGGACGTGA	2	0.333333333333333
267	6	5	2.25162916738782	1	ATGCGCTACCCGGACGTGAA	2	0.333333333333333
268	6	5	2.25162916738782	1	TGCGCTACCCGGACGTGAAG	2	0.333333333333333
269	6	5	2.25162916738782	1	GCGCTACCCGGACGTGAAGG	2	0.333333333333333
270	6	4	1.79248125036058	1	CGCTACCCGGACGTGAAGGT	3	0.5
271	6	4	1.79248125036058	1	GCTACCCGGACGTGAAGGTG	3	0.5
272	6	5	2.25162916738782	1	CTACCCGGACGTGAAGGTGA	2	0.333333333333333
273	6	5	2.25162916738782	1	TACCCGGACGTGAAGGTGAT	2	0.333333333333333
274	6	5	2.25162916738782	1	ACCCGGACGTGAAGGTGATC	2	0.333333333333333
275	6	5	2.25162916738782	1	CCCGGACGTGAAGGTGATCC	2	0.333333333333333
276	6	5	2.25162916738782	1	CCGGACGTGAAGGTGATCCC	2	0.333333333333333
277	6	5	2.25162916738782	1	CGGACGTGAAGGTGATCCCG	2	0.333333333333333
278	6	5	2.25162916738782	1	GGACGTGAAGGTGATCCCGA	2	0.333333333333333
279	6	5	2.25162916738782	1	GACGTGAAGGTGATCCCGAT	2	0.333333333333333
280	6	4	1.91829583405449	1	ACGTGAAGGTGATCCCGATC	2	0.333333333333333
281	6	3	1.45914791702724	1	CGTGAAGGTGGTGCCGATCA	3	0.5
282	6	2	0.91829583405449	1	GTGAAGGTGGTGCCGATCAT	4	0.666666666666667
283	6	2	0.91829583405449	1	TGAAGGTGGTGCCGATCATC	4	0.666666666666667
284	6	2	0.91829583405449	1	GAAGGTGGTGCCGATCATCA	4	0.666666666666667
285	6	4	1.79248125036058	1	AAGGTGGTGCCGATCATCAC	3	0.5
286	6	4	1.79248125036058	1	AGGTGGTGCCGATCATCACC	3	0.5
287	6	4	1.79248125036058	1	GGTGGTGCCGATCATCACCA	3	0.5
288	6	4	1.79248125036058	1	GTGGTGCCGATCATCACCAC	3	0.5
289	6	4	1.79248125036058	1	TGGTGCCGATCATCACCACC	3	0.5
290	6	4	1.79248125036058	1	GGTGCCGATCATCACCACCT	3	0.5
291	6	4	1.79248125036058	1	GTGCCGATCATCACCACCTG	3	0.5
292	6	4	1.79248125036058	1	TGCCGATCATCACCACCTGC	3	0.5
293	6	4	1.79248125036058	1	GCCGATCATCACCACCTGCA	3	0.5
294	6	2	0.91829583405449	1	CCGATCATCACCACCTGCAG	4	0.666666666666667
295	6	2	0.91829583405449	1	CGATCATCACCACCTGCAGC	4	0.666666666666667
296	6	2	0.91829583405449	1	GATCATCACCACCTGCAGCA	4	0.666666666666667
297	6	2	0.91829583405449	1	ATCATCACCACCTGCAGCAC	4	0.666666666666667
298	6	2	0.91829583405449	1	TCATCACCACCTGCAGCACC	4	0.666666666666667
299	6	2	0.91829583405449	1	CATCACCACCTGCAGCACCG	4	0.666666666666667
300	6	2	0.91829583405449	1	ATCACCACCTGCAGCACCGA	4	0.666666666666667
301	6	2	0.91829583405449	1	TCACCACCTGCAGCACCGAG	4	0.666666666666667
302	6	3	1.45914791702724	1	CACCACCTGCAGCACCGAGG	3	0.5
303	6	3	1.45914791702724	1	ACCACCTGCAGCACCGAGGT	3	0.5
304	6	3	1.45914791702724	1	CCACCTGCAGCACCGAGGTG	3	0.5
305	6	2	0.650022421648354	1	CACCTGCAGCACCGAGGTGA	5	0.833333333333333
306	6	2	0.650022421648354	1	ACCTGCAGCACCGAGGTGAT	5	0.833333333333333
307	6	2	0.650022421648354	1	CCTGCAGCACCGAGGTGATC	5	0.833333333333333
308	6	2	0.650022421648354	1	CTGCAGCACCGAGGTGATCG	5	0.833333333333333
309	6	2	0.650022421648354	1	TGCAGCACCGAGGTGATCGG	5	0.833333333333333
310	6	2	0.650022421648354	1	GCAGCACCGAGGTGATCGGC	5	0.833333333333333
311	6	2	0.650022421648354	1	CAGCACCGAGGTGATCGGCG	5	0.833333333333333
312	6	2	0.650022421648354	1	AGCACCGAGGTGATCGGCGA	5	0.833333333333333
313	6	2	0.650022421648354	1	GCACCGAGGTGATCGGCGAC	5	0.833333333333333
314	6	2	0.650022421648354	1	CACCGAGGTGATCGGCGACG	5	0.833333333333333
315	6	2	0.650022421648354	1	ACCGAGGTGATCGGCGACGA	5	0.833333333333333
316	6	2	0.650022421648354	1	CCGAGGTGATCGGCGACGAC	5	0.833333333333333
317	6	3	1.45914791702724	1	CGAGGTGATCGGCGACGACA	3	0.5
318	6	3	1.45914791702724	1	GAGGTGATCGGCGACGACAT	3	0.5
319	6	3	1.45914791702724	1	AGGTGATCGGCGACGACATC	3	0.5
320	6	3	1.45914791702724	1	GGTGATCGGCGACGACATCG	3	0.5
321	6	3	1.45914791702724	1	GTGATCGGCGACGACATCGA	3	0.5
322	6	3	1.45914791702724	1	TGATCGGCGACGACATCGAC	3	0.5
323	6	3	1.45914791702724	1	GATCGGCGACGACATCGACG	3	0.5
324	6	2	1	1	ATCGGCGACGACATCGACGG	3	0.5
325	6	2	1	1	TCGGCGACGACATCGACGGC	3	0.5
326	6	4	1.91829583405449	1	CGGCGACGACGTGGACGGCG	2	0.333333333333333
327	6	4	1.91829583405449	1	GGCGACGACGTGGACGGCGT	2	0.333333333333333
328	6	4	1.91829583405449	1	GCGACGACATCGACGGCGTG	2	0.333333333333333
329	6	5	2.25162916738782	1	CGACGACATCGACGGCGTGG	2	0.333333333333333
330	6	5	2.25162916738782	1	GACGACATCGACGGCGTGGT	2	0.333333333333333
331	6	5	2.25162916738782	1	ACGACATCGACGGCGTGGTG	2	0.333333333333333
332	6	5	2.25162916738782	1	CGACATCGACGGCGTGGTGA	2	0.333333333333333
333	6	5	2.25162916738782	1	GACATCGACGGCGTGGTGAT	2	0.333333333333333
334	6	5	2.25162916738782	1	ACATCGACGGCGTGGTGATC	2	0.333333333333333
335	6	5	2.25162916738782	1	CATCGACGGCGTGGTGATCA	2	0.333333333333333
336	6	5	2.25162916738782	1	ATCGACGGCGTGGTGATCAA	2	0.333333333333333
337	6	5	2.25162916738782	1	TCGACGGCGTGGTGATCAAG	2	0.333333333333333
338	6	6	2.58496250072116	1	GGACGGCCTGATCACCAAGC	1	0.166666666666667
339	6	6	2.58496250072116	1	GACGGCGTGATCAAGAAGCT	1	0.166666666666667
340	6	6	2.58496250072116	1	ACGGCCTGATCCGCAAGCTG	1	0.166666666666667
341	6	6	2.58496250072116	1	CGGCCTGATCCGCAAGCTGA	1	0.166666666666667
342	6	6	2.58496250072116	1	GGCCTGATCCGCAAGCTGAA	1	0.166666666666667
343	6	6	2.58496250072116	1	GCGTGGTGATCAAGCTGAAC	1	0.166666666666667
344	6	6	2.58496250072116	1	CGTGATCAAGAAGCTGAACG	1	0.166666666666667
345	6	6	2.58496250072116	1	GTGGTGATCAAGATGAACGA	1	0.166666666666667
346	6	6	2.58496250072116	1	TGGTGATCAAGATGAACGAG	1	0.166666666666667
347	6	6	2.58496250072116	1	GATCAAGAAGCTGAACGAGG	1	0.166666666666667
348	6	6	2.58496250072116	1	ATCACCAAGCTGGAGGAGGG	1	0.166666666666667
349	6	6	2.58496250072116	1	TGATCAAGATGAACGAGACC	1	0.166666666666667
350	6	6	2.58496250072116	1	CAAGAAGCTGAACGAGGGCC	1	0.166666666666667
351	6	6	2.58496250072116	1	ATCAAGCTGAACGACGGCCT	1	0.166666666666667
352	6	6	2.58496250072116	1	TCAAGATGAACGAGACCCTG	1	0.166666666666667
353	6	5	2.25162916738782	1	CAAGCTGGAGGAGGGCCTGC	2	0.333333333333333
354	6	5	2.25162916738782	1	AAGCTGGAGGAGGGCCTGCT	2	0.333333333333333
355	6	5	2.25162916738782	1	AGCTGGAGGAGGGCCTGCTG	2	0.333333333333333
356	6	6	2.58496250072116	1	GCTGAACGACGGCCTGCTGA	1	0.166666666666667
357	6	6	2.58496250072116	1	CTGAACAAGAAGCTGCTGAA	1	0.166666666666667
358	6	6	2.58496250072116	1	TGGAGGAGGGCCTGCTGAAG	1	0.166666666666667
359	6	6	2.58496250072116	1	GAACGAGACCCTGCTGCCGC	1	0.166666666666667
360	6	6	2.58496250072116	1	AACAAGAAGCTGCTGAAGGA	1	0.166666666666667
361	6	6	2.58496250072116	1	ACGAGACCCTGCTGCCGCAG	1	0.166666666666667
362	6	6	2.58496250072116	1	CGAGGGCCTGCTGAAGGAGA	1	0.166666666666667
363	6	5	2.25162916738782	1	GAGGGCCTGCTGAAGGAGAA	2	0.333333333333333
364	6	5	2.25162916738782	1	AGGGCCTGCTGAAGGAGAAG	2	0.333333333333333
365	6	5	2.25162916738782	1	GGGCCTGCTGAAGGAGAAGT	2	0.333333333333333
366	6	5	2.25162916738782	1	GGCCTGCTGAAGGAGAAGTT	2	0.333333333333333
367	6	5	2.25162916738782	1	GCCTGCTGAAGGAGAAGTTC	2	0.333333333333333
368	6	5	2.25162916738782	1	CCTGCTGAAGGAGAAGTTCC	2	0.333333333333333
369	6	5	2.25162916738782	1	CTGCTGAAGGAGAAGTTCCC	2	0.333333333333333
370	6	5	2.25162916738782	1	TGCTGAAGGAGAAGTTCCCG	2	0.333333333333333
371	6	5	2.25162916738782	1	GCTGAAGGAGAAGTTCCCGG	2	0.333333333333333
372	6	5	2.25162916738782	1	CTGAAGGAGAAGTTCCCGGA	2	0.333333333333333
373	6	5	2.25162916738782	1	TGAAGGAGAAGTTCCCGGAC	2	0.333333333333333
374	6	5	2.25162916738782	1	GAAGGAGAAGTTCCCGGACC	2	0.333333333333333
375	6	5	2.25162916738782	1	AAGGAGAAGTTCCCGGACCG	2	0.333333333333333
376	6	5	2.25162916738782	1	AGGAGAAGTTCCCGGACCGC	2	0.333333333333333
377	6	5	2.25162916738782	1	GGAGAAGTTCCCGGACCGCG	2	0.333333333333333
378	6	4	1.91829583405449	1	GAGAAGTACGCCGACCGCGA	2	0.333333333333333
379	6	4	1.91829583405449	1	AGAAGTTCCCGGACCGCGAG	2	0.333333333333333
380	6	4	1.91829583405449	1	GAAGTTCCCGGACCGCGAGG	2	0.333333333333333
381	6	4	1.91829583405449	1	AAGTACGCCGACCGCGAGGT	2	0.333333333333333
382	6	4	1.91829583405449	1	AGTACGCCGACCGCGAGGTG	2	0.333333333333333
383	6	4	1.91829583405449	1	GTTCCCGGACCGCGAGGTGC	2	0.333333333333333
384	6	4	1.91829583405449	1	TACGCCGACCGCGAGGTGCA	2	0.333333333333333
385	6	4	1.91829583405449	1	ACGCCGACCGCGAGGTGCAC	2	0.333333333333333
386	6	3	1.45914791702724	1	CCCGGACCGCGAGGTGCACC	3	0.5
387	6	3	1.45914791702724	1	CCGGACCGCGAGGTGCACCT	3	0.5
388	6	3	1.45914791702724	1	CGGACCGCGAGGTGCACCTG	3	0.5
389	6	4	1.79248125036058	1	GGACCGCGAGGTGCACCTGA	3	0.5
390	6	3	1.25162916738782	1	GACCGCGAGGTGCACCTGAT	4	0.666666666666667
391	6	3	1.25162916738782	1	ACCGCGAGGTGCACCTGATC	4	0.666666666666667
392	6	3	1.25162916738782	1	CCGCGAGGTGCACCTGATCC	4	0.666666666666667
393	6	3	1.25162916738782	1	CGCGAGGTGCACCTGATCCC	4	0.666666666666667
394	6	3	1.25162916738782	1	GCGAGGTGCACCTGATCCCG	4	0.666666666666667
395	6	3	1.25162916738782	1	CGAGGTGCACCTGATCCCGA	4	0.666666666666667
396	6	3	1.25162916738782	1	GAGGTGCACCTGATCCCGAT	4	0.666666666666667
397	6	3	1.25162916738782	1	AGGTGCACCTGATCCCGATC	4	0.666666666666667
398	6	3	1.25162916738782	1	GGTGCACCTGATCCCGATCC	4	0.666666666666667
399	6	3	1.25162916738782	1	GTGCACCTGATCCCGATCCA	4	0.666666666666667
400	6	3	1.25162916738782	1	TGCACCTGATCCCGATCCAC	4	0.666666666666667
401	6	3	1.25162916738782	1	GCACCTGATCCCGATCCACA	4	0.666666666666667
402	6	3	1.25162916738782	1	CACCTGATCCCGATCCACAC	4	0.666666666666667
403	6	3	1.25162916738782	1	ACCTGATCCCGATCCACACC	4	0.666666666666667
404	6	3	1.25162916738782	1	CCTGATCCCGATCCACACCC	4	0.666666666666667
405	6	3	1.25162916738782	1	CTGATCCCGATCCACACCCC	4	0.666666666666667
406	6	3	1.25162916738782	1	TGATCCCGATCCACACCCCG	4	0.666666666666667
407	6	3	1.25162916738782	1	GATCCCGATCCACACCCCGA	4	0.666666666666667
408	6	3	1.25162916738782	1	ATCCCGATCCACACCCCGAG	4	0.666666666666667
409	6	3	1.25162916738782	1	TCCCGATCCACACCCCGAGC	4	0.666666666666667
410	6	3	1.25162916738782	1	CCCGATCCACACCCCGAGCT	4	0.666666666666667
411	6	3	1.25162916738782	1	CCGATCCACACCCCGAGCTT	4	0.666666666666667
412	6	3	1.25162916738782	1	CGATCCACACCCCGAGCTTC	4	0.666666666666667
413	6	4	1.91829583405449	1	GATCCACACCCCGAGCTTCG	2	0.333333333333333
414	6	5	2.25162916738782	1	ATCCACACCCCGAGCTTCGT	2	0.333333333333333
415	6	5	2.25162916738782	1	TCCACACCCCGAGCTTCGTG	2	0.333333333333333
416	6	5	2.25162916738782	1	CCACACCCCGAGCTTCGTGG	2	0.333333333333333
417	6	4	1.79248125036058	1	CACACCCCGAGCTTCGTGGG	3	0.5
418	6	4	1.79248125036058	1	ACACCCCGAGCTTCGTGGGC	3	0.5
419	6	4	1.79248125036058	1	CACCCCGAGCTTCGTGGGCA	3	0.5
420	6	4	1.79248125036058	1	ACCCCGAGCTTCGTGGGCAG	3	0.5
421	6	4	1.79248125036058	1	CCCCGAGCTTCGTGGGCAGC	3	0.5
422	6	3	1.25162916738782	1	CCCGAGCTTCGTGGGCAGCA	4	0.666666666666667
423	6	3	1.25162916738782	1	CCGAGCTTCGTGGGCAGCAT	4	0.666666666666667
424	6	3	1.25162916738782	1	CGAGCTTCGTGGGCAGCATG	4	0.666666666666667
425	6	4	1.79248125036058	1	GAGCTTCGTGGGCAGCATGG	3	0.5
426	6	4	1.79248125036058	1	AGCTTCGTGGGCAGCATGGT	3	0.5
427	6	4	1.79248125036058	1	GCTTCGTGGGCAGCATGGTG	3	0.5
428	6	4	1.79248125036058	1	CTTCGTGGGCAGCATGGTGA	3	0.5
429	6	5	2.25162916738782	1	TTCGTGGGCAGCATGGTGAG	2	0.333333333333333
430	6	5	2.25162916738782	1	TCGTGGGCAGCATGGTGAGC	2	0.333333333333333
431	6	5	2.25162916738782	1	CGTGGGCAGCATGGTGAGCG	2	0.333333333333333
432	6	5	2.25162916738782	1	GTGGGCAGCATGGTGAGCGG	2	0.333333333333333
433	6	5	2.25162916738782	1	TGGGCAGCATGGTGAGCGGC	2	0.333333333333333
434	6	4	1.91829583405449	1	GGGCAGCATGGTGACCGGCT	2	0.333333333333333
435	6	3	1.45914791702724	1	GGCAGCATGGTGAGCGGCTA	3	0.5
436	6	3	1.45914791702724	1	GCAGCATGGTGAGCGGCTAC	3	0.5
437	6	3	1.45914791702724	1	CAGCATGGTGAGCGGCTACG	3	0.5
438	6	3	1.45914791702724	1	AGCATGGTGAGCGGCTACGA	3	0.5
439	6	3	1.45914791702724	1	GCATGGTGAGCGGCTACGAC	3	0.5
440	6	3	1.45914791702724	1	CATGGTGAGCGGCTACGACG	3	0.5
441	6	3	1.45914791702724	1	ATGGTGAGCGGCTACGACGT	3	0.5
442	6	3	1.45914791702724	1	TGGTGAGCGGCTACGACGTG	3	0.5
443	6	3	1.45914791702724	1	GGTGAGCGGCTACGACGTGG	3	0.5
444	6	3	1.45914791702724	1	GTGAGCGGCTACGACGTGGC	3	0.5
445	6	3	1.45914791702724	1	TGAGCGGCTACGACGTGGCC	3	0.5
446	6	3	1.45914791702724	1	GAGCGGCTACGACGTGGCCG	3	0.5
447	6	2	0.91829583405449	1	AGCGGCTACGACGTGGCCGT	4	0.666666666666667
448	6	2	0.91829583405449	1	GCGGCTACGACGTGGCCGTG	4	0.666666666666667
449	6	2	0.650022421648354	1	CGGCTACGACGTGGCCGTGC	5	0.833333333333333
450	6	3	1.25162916738782	1	GGCTACGACGTGGCCGTGCG	4	0.666666666666667
451	6	3	1.25162916738782	1	GCTACGACGTGGCCGTGCGC	4	0.666666666666667
452	6	3	1.25162916738782	1	CTACGACGTGGCCGTGCGCG	4	0.666666666666667
453	6	3	1.25162916738782	1	TACGACGTGGCCGTGCGCGA	4	0.666666666666667
454	6	3	1.25162916738782	1	ACGACGTGGCCGTGCGCGAC	4	0.666666666666667
455	6	4	1.79248125036058	1	CGACGTGGCCGTGCGCGACT	3	0.5
456	6	4	1.79248125036058	1	GACGTGGCCGTGCGCGACTT	3	0.5
457	6	4	1.79248125036058	1	ACGTGGCCGTGCGCGACTTC	3	0.5
458	6	4	1.79248125036058	1	CGTGGCCGTGCGCGACTTCG	3	0.5
459	6	4	1.79248125036058	1	GTGGCCGTGCGCGACTTCGT	3	0.5
460	6	4	1.79248125036058	1	TGGCCGTGCGCGACTTCGTG	3	0.5
461	6	4	1.79248125036058	1	GGCCGTGCGCGACTTCGTGA	3	0.5
462	6	4	1.79248125036058	1	GCCGTGCGCGACTTCGTGAA	3	0.5
463	6	4	1.79248125036058	1	CCGTGCGCGACTTCGTGAAG	3	0.5
464	6	6	2.58496250072116	1	CGTGCGCGACTTCGTGAAGT	1	0.166666666666667
465	6	6	2.58496250072116	1	GTGCGCGACTTCGTGAAGAA	1	0.166666666666667
466	6	6	2.58496250072116	1	TGCGCGACTTCGTGAAGTAC	1	0.166666666666667
467	6	6	2.58496250072116	1	GAAGGACTTCGTGAGCTACT	1	0.166666666666667
468	6	6	2.58496250072116	1	CGCGACTTCGTGAAGTACTT	1	0.166666666666667
469	6	6	2.58496250072116	1	GCGACTTCGTGAAGAAGTTC	1	0.166666666666667
470	6	6	2.58496250072116	1	GGACTTCGTGAGCTACTTCG	1	0.166666666666667
471	6	6	2.58496250072116	1	GACATCGTGAAGGAGTTCGC	1	0.166666666666667
472	6	6	2.58496250072116	1	ACTTCGTGAAGGCCTTCGCC	1	0.166666666666667
473	6	6	2.58496250072116	1	CTTCGTGAAGAAGTTCGCCA	1	0.166666666666667
474	6	6	2.58496250072116	1	TTCGTGAAGGCCTTCGCCAA	1	0.166666666666667
475	6	6	2.58496250072116	1	TCGTGAAGTACTTCGCCGAG	1	0.166666666666667
476	6	6	2.58496250072116	1	CGTGAGCTACTTCGCCCAGA	1	0.166666666666667
477	6	6	2.58496250072116	1	GTGAAGAAGTTCGCCAAGAA	1	0.166666666666667
478	6	6	2.58496250072116	1	TGCGCCACTTCGCCAAGCGC	1	0.166666666666667
479	6	6	2.58496250072116	1	GAAGTACTTCGCCGAGAAGG	1	0.166666666666667
480	6	6	2.58496250072116	1	AAGGCCTTCGCCAAGAAGGG	1	0.166666666666667
481	6	6	2.58496250072116	1	AGGCCTTCGCCAAGAAGGGC	1	0.166666666666667
482	6	6	2.58496250072116	1	CCACTTCGCCAAGCGCGAGG	1	0.166666666666667
483	6	6	2.58496250072116	1	GAGTTCGCCAAGAAGGACAA	1	0.166666666666667
484	6	6	2.58496250072116	1	AGTTCGCCAAGAAGGGCGAC	1	0.166666666666667
485	6	6	2.58496250072116	1	CTTCGCCAAGAAGGGCAAGC	1	0.166666666666667
486	6	6	2.58496250072116	1	TTCGCCAAGAAGGGCAAGCC	1	0.166666666666667
487	6	6	2.58496250072116	1	TCGCCAAGAAGGGCGACCCG	1	0.166666666666667
488	6	6	2.58496250072116	1	CGCCGAGAAGGGCGAGCCGA	1	0.166666666666667
489	6	6	2.58496250072116	1	GCCAAGAAGGACAAGCCGAA	1	0.166666666666667
490	6	6	2.58496250072116	1	CCGAGAAGGGCGAGCCGAAC	1	0.166666666666667
491	6	6	2.58496250072116	1	CCAGAAGGGCGAGCCGAGCG	1	0.166666666666667
492	6	6	2.58496250072116	1	AAGAAGGGCGACCCGAGCGG	1	0.166666666666667
493	6	6	2.58496250072116	1	AGAAGGGCGACCCGAGCGGC	1	0.166666666666667
494	6	6	2.58496250072116	1	GAAGGACAAGCCGAACGGCA	1	0.166666666666667
495	6	6	2.58496250072116	1	AAGGGCAAGCCGAGCCTGAA	1	0.166666666666667
496	6	6	2.58496250072116	1	GCGAGGCCCCGAACGACAAG	1	0.166666666666667
497	6	6	2.58496250072116	1	GGGCGAGCCGAGCGAGAAGA	1	0.166666666666667
498	6	6	2.58496250072116	1	GGCGAGCCGAGCGAGAAGAT	1	0.166666666666667
499	6	6	2.58496250072116	1	GCGACCCGAGCGGCAAGATC	1	0.166666666666667
500	6	6	2.58496250072116	1	CGACCCGAGCGGCAAGATCA	1	0.166666666666667
501	6	6	2.58496250072116	1	AAGCCGAACGGCAAGATCAA	1	0.166666666666667
502	6	5	2.25162916738782	1	AGCCGAACGGCAAGATCAAC	2	0.333333333333333
503	6	5	2.25162916738782	1	GCCGAACGGCAAGATCAACC	2	0.333333333333333
504	6	5	2.25162916738782	1	CCGAACGGCAAGATCAACCT	2	0.333333333333333
505	6	5	2.25162916738782	1	CGAACGGCAAGATCAACCTG	2	0.333333333333333
506	6	5	2.25162916738782	1	GAACGGCAAGATCAACCTGA	2	0.333333333333333
507	6	5	2.25162916738782	1	AACGGCAAGATCAACCTGAT	2	0.333333333333333
508	6	5	2.25162916738782	1	ACGGCAAGATCAACCTGATC	2	0.333333333333333
509	6	5	2.25162916738782	1	CGGCAAGATCAACCTGATCA	2	0.333333333333333
510	6	5	2.25162916738782	1	GGCAAGATCAACCTGATCAC	2	0.333333333333333
511	6	5	2.25162916738782	1	GCAAGATCAACCTGATCACC	2	0.333333333333333
512	6	3	1.58496250072116	1	GAAGATCAACCTGATCACCG	2	0.333333333333333
513	6	2	0.91829583405449	1	AAGATCAACCTGATCACCGG	4	0.666666666666667
514	6	2	0.91829583405449	1	AGATCAACCTGATCACCGGC	4	0.666666666666667
515	6	2	0.91829583405449	1	GATCAACCTGATCACCGGCT	4	0.666666666666667
516	6	2	0.91829583405449	1	ATCAACCTGATCACCGGCTG	4	0.666666666666667
517	6	2	0.91829583405449	1	TCAACCTGATCACCGGCTGG	4	0.666666666666667
518	6	2	0.91829583405449	1	CAACCTGATCACCGGCTGGG	4	0.666666666666667
519	6	2	0.91829583405449	1	AACCTGATCACCGGCTGGGT	4	0.666666666666667
520	6	2	0.91829583405449	1	ACCTGATCACCGGCTGGGTG	4	0.666666666666667
521	6	2	0.91829583405449	1	CCTGATCACCGGCTGGGTGA	4	0.666666666666667
522	6	2	0.91829583405449	1	CTGATCACCGGCTGGGTGAA	4	0.666666666666667
523	6	2	0.91829583405449	1	TGATCACCGGCTGGGTGAAC	4	0.666666666666667
524	6	2	0.91829583405449	1	GATCACCGGCTGGGTGAACC	4	0.666666666666667
525	6	2	0.91829583405449	1	ATCACCGGCTGGGTGAACCC	4	0.666666666666667
526	6	2	0.91829583405449	1	TCACCGGCTGGGTGAACCCG	4	0.666666666666667
527	6	2	0.91829583405449	1	CACCGGCTGGGTGAACCCGG	4	0.666666666666667
528	6	1	0	1	ACCGGCTGGGTGAACCCGGG	6	1
529	6	1	0	1	CCGGCTGGGTGAACCCGGGC	6	1
530	6	1	0	1	CGGCTGGGTGAACCCGGGCG	6	1
531	6	1	0	1	GGCTGGGTGAACCCGGGCGA	6	1
532	6	1	0	1	GCTGGGTGAACCCGGGCGAC	6	1
533	6	1	0	1	CTGGGTGAACCCGGGCGACG	6	1
534	6	1	0	1	TGGGTGAACCCGGGCGACGT	6	1
535	6	1	0	1	GGGTGAACCCGGGCGACGTG	6	1
536	6	2	0.650022421648354	1	GGTGAACCCGGGCGACGTGA	5	0.833333333333333
537	6	3	1.45914791702724	1	GTGAACCCGGGCGACGTGAA	3	0.5
538	6	3	1.45914791702724	1	TGAACCCGGGCGACGTGAAG	3	0.5
539	6	3	1.45914791702724	1	GAACCCGGGCGACGTGAAGG	3	0.5
540	6	3	1.45914791702724	1	AACCCGGGCGACGTGAAGGA	3	0.5
541	6	3	1.45914791702724	1	ACCCGGGCGACGTGAAGGAG	3	0.5
542	6	3	1.45914791702724	1	CCCGGGCGACGTGAAGGAGC	3	0.5
543	6	3	1.45914791702724	1	CCGGGCGACGTGAAGGAGCT	3	0.5
544	6	3	1.45914791702724	1	CGGGCGACGTGAAGGAGCTG	3	0.5
545	6	3	1.45914791702724	1	GGGCGACGTGAAGGAGCTGA	3	0.5
546	6	3	1.45914791702724	1	GGCGACGTGAAGGAGCTGAA	3	0.5
547	6	3	1.45914791702724	1	GCGACGTGAAGGAGCTGAAG	3	0.5
548	6	3	1.45914791702724	1	CGACGTGAAGGAGCTGAAGC	3	0.5
549	6	3	1.45914791702724	1	GACGTGAAGGAGCTGAAGCA	3	0.5
550	6	3	1.45914791702724	1	ACGTGAAGGAGCTGAAGCAC	3	0.5
551	6	3	1.45914791702724	1	CGTGAAGGAGCTGAAGCACC	3	0.5
552	6	3	1.45914791702724	1	GTGAAGGAGCTGAAGCACCT	3	0.5
553	6	3	1.45914791702724	1	TGAAGGAGCTGAAGCACCTG	3	0.5
554	6	4	1.91829583405449	1	GAAGGAGCTGAAGCACCTGC	2	0.333333333333333
555	6	4	1.91829583405449	1	ACCGCCCTGAAGCACCTGCT	2	0.333333333333333
556	6	4	1.91829583405449	1	CCGCCCTGAAGCACCTGCTG	2	0.333333333333333
557	6	5	2.25162916738782	1	GGAGCTGAAGCACCTGCTGG	2	0.333333333333333
558	6	5	2.25162916738782	1	GCCCTGAAGCACCTGCTGAG	2	0.333333333333333
559	6	5	2.25162916738782	1	CCCTGAAGCACCTGCTGAGC	2	0.333333333333333
560	6	6	2.58496250072116	1	CCTGAAGCACCTGCTGAGCG	1	0.166666666666667
561	6	5	2.25162916738782	1	CTGAAGCACCTGCTGGCCGA	2	0.333333333333333
562	6	5	2.25162916738782	1	TGAAGCACCTGCTGGCCGAG	2	0.333333333333333
563	6	5	2.25162916738782	1	GAAGCACCTGCTGGCCGAGA	2	0.333333333333333
564	6	5	2.25162916738782	1	AAGCACCTGCTGGCCGAGAT	2	0.333333333333333
565	6	5	2.25162916738782	1	AGCACCTGCTGGCCGAGATG	2	0.333333333333333
566	6	6	2.58496250072116	1	GCACCTGGTGGCCGAGCTGG	1	0.166666666666667
567	6	6	2.58496250072116	1	CACCTGCTGGCCGAGATGCG	1	0.166666666666667
568	6	6	2.58496250072116	1	ACCTGGTGGCCGAGCTGGGC	1	0.166666666666667
569	6	6	2.58496250072116	1	CCTGCTGGCCGAGATGCGCG	1	0.166666666666667
570	6	6	2.58496250072116	1	CTGCTGGGCGAGATGGACAT	1	0.166666666666667
571	6	6	2.58496250072116	1	TGCTGAGCGCCATGGACATC	1	0.166666666666667
572	6	6	2.58496250072116	1	GCTGGGCGAGATGGACATCG	1	0.166666666666667
573	6	6	2.58496250072116	1	CTGGCCGAGATGCGCGTGGA	1	0.166666666666667
574	6	6	2.58496250072116	1	TGGCCGAGCTGGGCATCGAG	1	0.166666666666667
575	6	6	2.58496250072116	1	GAGCCAGATGCAGATCGACG	1	0.166666666666667
576	6	6	2.58496250072116	1	GCCGAGATGCGCGTGGAGGC	1	0.166666666666667
577	6	6	2.58496250072116	1	GCCAGATGCAGATCGACGCC	1	0.166666666666667
578	6	5	2.25162916738782	1	CGAGATGGACATCGAGGCCA	2	0.333333333333333
579	6	5	2.25162916738782	1	GAGATGGACATCGAGGCCAA	2	0.333333333333333
580	6	5	2.25162916738782	1	AGATGGACATCGAGGCCAAC	2	0.333333333333333
581	6	5	2.25162916738782	1	GATGGACATCGAGGCCAACG	2	0.333333333333333
582	6	5	2.25162916738782	1	ATGGACATCGAGGCCAACGT	2	0.333333333333333
583	6	5	2.25162916738782	1	TGGACATCGAGGCCAACGTG	2	0.333333333333333
584	6	5	2.25162916738782	1	GGACATCGAGGCCAACGTGC	2	0.333333333333333
585	6	5	2.25162916738782	1	GACATCGAGGCCAACGTGCT	2	0.333333333333333
586	6	5	2.25162916738782	1	ACATCGAGGCCAACGTGCTG	2	0.333333333333333
587	6	4	1.79248125036058	1	CATCGAGGCCAACGTGCTGT	3	0.5
588	6	3	1.45914791702724	1	ATCGAGGCCAACGTGCTGTT	3	0.5
589	6	3	1.45914791702724	1	TCGAGGCCAACGTGCTGTTC	3	0.5
590	6	3	1.45914791702724	1	CGAGGCCAACGTGCTGTTCG	3	0.5
591	6	2	0.91829583405449	1	GAGGCCAACGTGCTGTTCGA	4	0.666666666666667
592	6	2	0.91829583405449	1	AGGCCAACGTGCTGTTCGAG	4	0.666666666666667
593	6	2	0.91829583405449	1	GGCCAACGTGCTGTTCGAGA	4	0.666666666666667
594	6	2	0.91829583405449	1	GCCAACGTGCTGTTCGAGAT	4	0.666666666666667
595	6	2	0.91829583405449	1	CCAACGTGCTGTTCGAGATC	4	0.666666666666667
596	6	2	0.91829583405449	1	CAACGTGCTGTTCGAGATCG	4	0.666666666666667
597	6	2	0.91829583405449	1	AACGTGCTGTTCGAGATCGA	4	0.666666666666667
598	6	2	0.91829583405449	1	ACGTGCTGTTCGAGATCGAG	4	0.666666666666667
599	6	1	0	1	CGTGCTGTTCGAGATCGAGA	6	1
600	6	2	0.650022421648354	1	GTGCTGTTCGAGATCGAGAG	5	0.833333333333333
601	6	2	0.650022421648354	1	TGCTGTTCGAGATCGAGAGC	5	0.833333333333333
602	6	2	0.650022421648354	1	GCTGTTCGAGATCGAGAGCT	5	0.833333333333333
603	6	2	0.650022421648354	1	CTGTTCGAGATCGAGAGCTT	5	0.833333333333333
604	6	2	0.650022421648354	1	TGTTCGAGATCGAGAGCTTC	5	0.833333333333333
605	6	2	0.650022421648354	1	GTTCGAGATCGAGAGCTTCG	5	0.833333333333333
606	6	2	0.650022421648354	1	TTCGAGATCGAGAGCTTCGA	5	0.833333333333333
607	6	2	0.650022421648354	1	TCGAGATCGAGAGCTTCGAC	5	0.833333333333333
608	6	2	0.650022421648354	1	CGAGATCGAGAGCTTCGACA	5	0.833333333333333
609	6	2	0.650022421648354	1	GAGATCGAGAGCTTCGACAG	5	0.833333333333333
610	6	2	0.650022421648354	1	AGATCGAGAGCTTCGACAGC	5	0.833333333333333
611	6	2	0.650022421648354	1	GATCGAGAGCTTCGACAGCC	5	0.833333333333333
612	6	2	0.650022421648354	1	ATCGAGAGCTTCGACAGCCC	5	0.833333333333333
613	6	2	0.650022421648354	1	TCGAGAGCTTCGACAGCCCG	5	0.833333333333333
614	6	3	1.25162916738782	1	CGAGAGCTTCGACAGCCCGC	4	0.666666666666667
615	6	3	1.25162916738782	1	GAGAGCTTCGACAGCCCGCT	4	0.666666666666667
616	6	3	1.25162916738782	1	AGAGCTTCGACAGCCCGCTG	4	0.666666666666667
617	6	3	1.25162916738782	1	GAGCTTCGACAGCCCGCTGA	4	0.666666666666667
618	6	3	1.25162916738782	1	AGCTTCGACAGCCCGCTGAT	4	0.666666666666667
619	6	3	1.25162916738782	1	GCTTCGACAGCCCGCTGATG	4	0.666666666666667
620	6	3	1.25162916738782	1	CTTCGACAGCCCGCTGATGC	4	0.666666666666667
621	6	3	1.25162916738782	1	TTCGACAGCCCGCTGATGCC	4	0.666666666666667
622	6	3	1.25162916738782	1	TCGACAGCCCGCTGATGCCG	4	0.666666666666667
623	6	3	1.25162916738782	1	CGACAGCCCGCTGATGCCGG	4	0.666666666666667
624	6	3	1.25162916738782	1	GACAGCCCGCTGATGCCGGA	4	0.666666666666667
625	6	4	1.79248125036058	1	ACAGCCCGCTGATGCCGGAC	3	0.5
626	6	4	1.79248125036058	1	CAGCCCGCTGATGCCGGACA	3	0.5
627	6	4	1.79248125036058	1	AGCCCGCTGATGCCGGACAA	3	0.5
628	6	4	1.79248125036058	1	GCCCGCTGATGCCGGACAAG	3	0.5
629	6	4	1.79248125036058	1	CCCGCTGATGCCGGACAAGA	3	0.5
630	6	4	1.79248125036058	1	CCGCTGATGCCGGACAAGAG	3	0.5
631	6	4	1.79248125036058	1	CGCTGATGCCGGACAAGAGC	3	0.5
632	6	4	1.79248125036058	1	GCTGATGCCGGACAAGAGCG	3	0.5
633	6	5	2.25162916738782	1	CTGATGCCGGACAAGAGCGC	2	0.333333333333333
634	6	5	2.25162916738782	1	TGATGCCGGACAAGAGCGCC	2	0.333333333333333
635	6	5	2.25162916738782	1	GATGCCGGACAAGAGCGCCG	2	0.333333333333333
636	6	5	2.25162916738782	1	ATGCCGGACAAGAGCGCCGT	2	0.333333333333333
637	6	5	2.25162916738782	1	TGCCGGACAAGAGCGCCGTG	2	0.333333333333333
638	6	5	2.25162916738782	1	GCCGGACAAGAGCGCCGTGA	2	0.333333333333333
639	6	5	2.25162916738782	1	CCGGACAAGAGCGCCGTGAG	2	0.333333333333333
640	6	5	2.25162916738782	1	CGGACAAGAGCGCCGTGAGC	2	0.333333333333333
641	6	5	2.25162916738782	1	GGACAAGAGCGCCGTGAGCC	2	0.333333333333333
642	6	5	2.25162916738782	1	GACAAGAGCGCCGTGAGCCA	2	0.333333333333333
643	6	5	2.25162916738782	1	ACAAGAGCGCCGTGAGCCAC	2	0.333333333333333
644	6	5	2.25162916738782	1	CAAGAGCGCCGTGAGCCACG	2	0.333333333333333
645	6	5	2.25162916738782	1	AAGAGCGCCGTGAGCCACGG	2	0.333333333333333
646	6	5	2.25162916738782	1	AGAGCGCCGTGAGCCACGGC	2	0.333333333333333
647	6	5	2.25162916738782	1	GAGCGCCGTGAGCCACGGCA	2	0.333333333333333
648	6	5	2.25162916738782	1	AGCGCCGTGAGCCACGGCAG	2	0.333333333333333
649	6	5	2.25162916738782	1	GCGCCGTGAGCCACGGCAGC	2	0.333333333333333
650	6	4	1.91829583405449	1	CGCCGTGAGCCACGGCAACA	2	0.333333333333333
651	6	4	1.91829583405449	1	GCCGTGAGCCACGGCAGCAC	2	0.333333333333333
652	6	4	1.91829583405449	1	CCGTGAGCCACGGCAGCACC	2	0.333333333333333
653	6	4	1.91829583405449	1	CGTGAGCCACGGCAGCACCA	2	0.333333333333333
654	6	4	1.91829583405449	1	GTGAGCCACGGCAGCACCAC	2	0.333333333333333
655	6	4	1.91829583405449	1	TGAGCCACGGCAACACCACC	2	0.333333333333333
656	6	5	2.25162916738782	1	GAGCCACGGCAGCACCACCA	2	0.333333333333333
657	6	5	2.25162916738782	1	AGCCACGGCAGCACCACCAT	2	0.333333333333333
658	6	5	2.25162916738782	1	GCCACGGCAGCACCACCATC	2	0.333333333333333
659	6	4	1.79248125036058	1	CCACGGCAGCACCACCATCG	3	0.5
660	6	4	1.79248125036058	1	CACGGCAGCACCACCATCGA	3	0.5
661	6	5	2.25162916738782	1	ACGGCAGCACCACCATCGAG	2	0.333333333333333
662	6	5	2.25162916738782	1	CGGCAGCACCACCATCGAGG	2	0.333333333333333
663	6	5	2.25162916738782	1	GGCAGCACCACCATCGAGGA	2	0.333333333333333
664	6	5	2.25162916738782	1	GCAGCACCACCATCGAGGAC	2	0.333333333333333
665	6	5	2.25162916738782	1	CAGCACCACCATCGAGGACC	2	0.333333333333333
666	6	5	2.25162916738782	1	AGCACCACCATCGAGGACCT	2	0.333333333333333
667	6	5	2.25162916738782	1	GCACCACCATCGAGGACCTG	2	0.333333333333333
668	6	4	1.79248125036058	1	CACCACCATCGAGGACCTGA	3	0.5
669	6	6	2.58496250072116	1	ACCACCATCGAGGACCTGAC	1	0.166666666666667
670	6	6	2.58496250072116	1	CCACCATCGAGGACCTGACC	1	0.166666666666667
671	6	6	2.58496250072116	1	CACCATCGAGGACCTGATCG	1	0.166666666666667
672	6	6	2.58496250072116	1	ACCGTGGCCGACCTGGAGGC	1	0.166666666666667
673	6	6	2.58496250072116	1	CCATCGAGGACCTGATCGAC	1	0.166666666666667
674	6	6	2.58496250072116	1	CATCGAGGACCTGACCGGCA	1	0.166666666666667
675	6	6	2.58496250072116	1	ATCGAGGACCTGACCGGCAC	1	0.166666666666667
676	6	6	2.58496250072116	1	TCGAGGACCTGATCGACACC	1	0.166666666666667
677	6	6	2.58496250072116	1	CGAGGACCTGATCGACACCG	1	0.166666666666667
678	6	6	2.58496250072116	1	GAGGACCTGACCGGCACCGC	1	0.166666666666667
679	6	6	2.58496250072116	1	AGGACCTGAAGAGCACCGCC	1	0.166666666666667
680	6	5	2.25162916738782	1	CGACCTGATCGACACCGCCA	2	0.333333333333333
681	6	5	2.25162916738782	1	GACCTGATCGACACCGCCAA	2	0.333333333333333
682	6	5	2.25162916738782	1	ACCTGATCGACACCGCCAAC	2	0.333333333333333
683	6	5	2.25162916738782	1	CCTGATCGACACCGCCAACG	2	0.333333333333333
684	6	5	2.25162916738782	1	CTGATCGACACCGCCAACGC	2	0.333333333333333
685	6	5	2.25162916738782	1	TGATCGACACCGCCAACGCC	2	0.333333333333333
686	6	6	2.58496250072116	1	GATCGACACCGCCAACGCCA	1	0.166666666666667
687	6	6	2.58496250072116	1	ACCGGCACCGCCAACGCCAC	1	0.166666666666667
688	6	6	2.58496250072116	1	CCGGCACCGCCAACGCCACC	1	0.166666666666667
689	6	6	2.58496250072116	1	CGACACCGCCAACGCCCAGG	1	0.166666666666667
690	6	6	2.58496250072116	1	GGCACCGCCAACGCCACCGG	1	0.166666666666667
691	6	6	2.58496250072116	1	ACACCGGCAACGCCCGCGCC	1	0.166666666666667
692	6	6	2.58496250072116	1	CACCGGCAACGCCCGCGCCA	1	0.166666666666667
693	6	6	2.58496250072116	1	ACCGGCAACGCCCGCGCCAC	1	0.166666666666667
694	6	6	2.58496250072116	1	CCGCCAACGCCCAGGGCACC	1	0.166666666666667
695	6	6	2.58496250072116	1	CGCCAACGCCAAGGGCACCA	1	0.166666666666667
696	6	6	2.58496250072116	1	GGCAACGCCCGCGCCACCTT	1	0.166666666666667
697	6	6	2.58496250072116	1	CCAACGCCACCGGCACCATC	1	0.166666666666667
698	6	6	2.58496250072116	1	CAACGCCAAGGGCACCATCG	1	0.166666666666667
699	6	6	2.58496250072116	1	AACGCCACCGGCACCATCGC	1	0.166666666666667
700	6	6	2.58496250072116	1	ACGCCACCGGCACCATCGCC	1	0.166666666666667
701	6	6	2.58496250072116	1	CGCCATCGGCACCATCGCCC	1	0.166666666666667
702	6	6	2.58496250072116	1	GCCCGCGCCACCTTCGCCCT	1	0.166666666666667
703	6	6	2.58496250072116	1	CCCGCGCCACCTTCGCCCTG	1	0.166666666666667
704	6	6	2.58496250072116	1	CAAGGGCACCATCGCCCTGA	1	0.166666666666667
705	6	6	2.58496250072116	1	CGCGCCACCTTCGCCCTGAA	1	0.166666666666667
706	6	5	2.25162916738782	1	AGGGCACCATCGCCCTGAAC	2	0.333333333333333
707	6	4	1.91829583405449	1	GGGCACCATCGCCCTGAACC	2	0.333333333333333
708	6	3	1.25162916738782	1	GGCACCATCGCCCTGAACCG	4	0.666666666666667
709	6	3	1.25162916738782	1	GCACCATCGCCCTGAACCGC	4	0.666666666666667
710	6	2	0.91829583405449	1	CACCATCGCCCTGAACCGCT	4	0.666666666666667
711	6	2	0.91829583405449	1	ACCATCGCCCTGAACCGCTA	4	0.666666666666667
712	6	2	0.91829583405449	1	CCATCGCCCTGAACCGCTAC	4	0.666666666666667
713	6	2	0.91829583405449	1	CATCGCCCTGAACCGCTACG	4	0.666666666666667
714	6	2	0.91829583405449	1	ATCGCCCTGAACCGCTACGA	4	0.666666666666667
715	6	1	0	1	TCGCCCTGAACCGCTACGAG	6	1
716	6	1	0	1	CGCCCTGAACCGCTACGAGG	6	1
717	6	1	0	1	GCCCTGAACCGCTACGAGGG	6	1
718	6	1	0	1	CCCTGAACCGCTACGAGGGC	6	1
719	6	2	0.650022421648354	1	CCTGAACCGCTACGAGGGCG	5	0.833333333333333
720	6	3	1.45914791702724	1	CTGAACCGCTACGAGGGCGC	3	0.5
721	6	3	1.45914791702724	1	TGAACCGCTACGAGGGCGCC	3	0.5
722	6	3	1.45914791702724	1	GAACCGCTACGAGGGCGCCA	3	0.5
723	6	4	1.79248125036058	1	AACCGCTACGAGGGCGCCAA	3	0.5
724	6	4	1.79248125036058	1	ACCGCTACGAGGGCGCCAAG	3	0.5
725	6	4	1.79248125036058	1	CCGCTACGAGGGCGCCAAGG	3	0.5
726	6	4	1.79248125036058	1	CGCTACGAGGGCGCCAAGGC	3	0.5
727	6	4	1.79248125036058	1	GCTACGAGGGCGCCAAGGCC	3	0.5
728	6	4	1.79248125036058	1	CTACGAGGGCGCCAAGGCCG	3	0.5
729	6	4	1.79248125036058	1	TACGAGGGCGCCAAGGCCGC	3	0.5
730	6	4	1.79248125036058	1	ACGAGGGCGCCAAGGCCGCC	3	0.5
731	6	6	2.58496250072116	1	CGAGGGCGCCAAGGCCGCCA	1	0.166666666666667
732	6	6	2.58496250072116	1	GAGGGCACCAAGGCCGCCGA	1	0.166666666666667
733	6	6	2.58496250072116	1	AGGGCGCCAAGGCCGCCGAG	1	0.166666666666667
734	6	6	2.58496250072116	1	GGGCGCCAAGGCCGCCAAGT	1	0.166666666666667
735	6	6	2.58496250072116	1	GGCGGCAAGGCCGCCCAGTA	1	0.166666666666667
736	6	6	2.58496250072116	1	GCGCCAAGGCCGCCGAGTTC	1	0.166666666666667
737	6	6	2.58496250072116	1	CGCCAAGGCCGCCGAGTTCC	1	0.166666666666667
738	6	6	2.58496250072116	1	GCCAAGGCCGCCCAGTACCT	1	0.166666666666667
739	6	6	2.58496250072116	1	CCAAGGCCGCCGAGTTCCTG	1	0.166666666666667
740	6	5	2.25162916738782	1	CAAGGCCGCCCAGTACCTGG	2	0.333333333333333
741	6	5	2.25162916738782	1	AAGGCCGCCCAGTACCTGGA	2	0.333333333333333
742	6	5	2.25162916738782	1	AGGCCGCCCAGTACCTGGAG	2	0.333333333333333
743	6	5	2.25162916738782	1	GGCCGCCCAGTACCTGGAGA	2	0.333333333333333
744	6	5	2.25162916738782	1	GCCGCCCAGTACCTGGAGAA	2	0.333333333333333
745	6	6	2.58496250072116	1	CCGCCGAGTACCTGCAGAAG	1	0.166666666666667
746	6	6	2.58496250072116	1	CGCCAAGTACCTGGAGAGCG	1	0.166666666666667
747	6	6	2.58496250072116	1	GCCAAGTACCTGCAGGACGA	1	0.166666666666667
748	6	6	2.58496250072116	1	CCCAGTACCTGGAGAACGAG	1	0.166666666666667
749	6	6	2.58496250072116	1	CCAGTACCTGGAGAACGAGT	1	0.166666666666667
750	6	6	2.58496250072116	1	AAGTACCTGCAGGACGAGTT	1	0.166666666666667
751	6	6	2.58496250072116	1	AGTACCTGCAGAAGAAGTTC	1	0.166666666666667
752	6	6	2.58496250072116	1	GTACCTGGAGAGCGAGTTCG	1	0.166666666666667
753	6	6	2.58496250072116	1	TACCTGGAGAACGAGTTCGG	1	0.166666666666667
754	6	6	2.58496250072116	1	ACCTGGAGAACGAGTTCGGC	1	0.166666666666667
755	6	6	2.58496250072116	1	CCTGGAGAGCGAGTTCGACG	1	0.166666666666667
756	6	6	2.58496250072116	1	CTGGAGAAGAAGTTCAAGAT	1	0.166666666666667
757	6	6	2.58496250072116	1	TGCAGAAGAAGTTCGAGATC	1	0.166666666666667
758	6	6	2.58496250072116	1	GGAGAAGAAGTTCAAGATCC	1	0.166666666666667
759	6	6	2.58496250072116	1	GAGAAGAAGTTCAAGATCCC	1	0.166666666666667
760	6	6	2.58496250072116	1	AGAACGAGTTCGGCGTGCCG	1	0.166666666666667
761	6	6	2.58496250072116	1	GAACGAGTTCGGCGTGCCGG	1	0.166666666666667
762	6	6	2.58496250072116	1	AGCGAGTTCGACGTGCCGGC	1	0.166666666666667
763	6	6	2.58496250072116	1	AGAAGTTCGAGATCCCGGCC	1	0.166666666666667
764	6	6	2.58496250072116	1	GGGCTTCGACGTGCCGGCCG	1	0.166666666666667
765	6	6	2.58496250072116	1	AAGTTCAAGATCCCGAGCAC	1	0.166666666666667
766	6	6	2.58496250072116	1	AGTTCGGCGTGCCGGCCATC	1	0.166666666666667
767	6	6	2.58496250072116	1	GTTCGACGTGCCGGCCATCA	1	0.166666666666667
768	6	6	2.58496250072116	1	TTCAAGATCCCGAGCACCAT	1	0.166666666666667
769	6	6	2.58496250072116	1	TCGACGTGCCGGCCGTGATC	1	0.166666666666667
770	6	6	2.58496250072116	1	CAAGATCCCGAGCACCATCG	1	0.166666666666667
771	6	6	2.58496250072116	1	GGCGTGCCGGCCATCATCGG	1	0.166666666666667
772	6	6	2.58496250072116	1	AGATCCCGAGCACCATCGGC	1	0.166666666666667
773	6	5	2.25162916738782	1	CGTGCCGGCCATCATCGGCC	2	0.333333333333333
774	6	5	2.25162916738782	1	GTGCCGGCCATCATCGGCCC	2	0.333333333333333
775	6	5	2.25162916738782	1	TGCCGGCCATCATCGGCCCG	2	0.333333333333333
776	6	5	2.25162916738782	1	GCCGGCCATCATCGGCCCGA	2	0.333333333333333
777	6	4	1.79248125036058	1	CCGGCCATCATCGGCCCGAC	3	0.5
778	6	4	1.79248125036058	1	CGGCCATCATCGGCCCGACC	3	0.5
779	6	4	1.79248125036058	1	GGCCATCATCGGCCCGACCC	3	0.5
780	6	4	1.79248125036058	1	GCCATCATCGGCCCGACCCC	3	0.5
781	6	4	1.79248125036058	1	CCATCATCGGCCCGACCCCG	3	0.5
782	6	4	1.79248125036058	1	CATCATCGGCCCGACCCCGA	3	0.5
783	6	3	1.25162916738782	1	ATCATCGGCCCGACCCCGAT	4	0.666666666666667
784	6	3	1.25162916738782	1	TCATCGGCCCGACCCCGATC	4	0.666666666666667
785	6	2	0.650022421648354	1	CATCGGCCCGACCCCGATCG	5	0.833333333333333
786	6	1	0	1	ATCGGCCCGACCCCGATCGG	6	1
787	6	1	0	1	TCGGCCCGACCCCGATCGGC	6	1
788	6	1	0	1	CGGCCCGACCCCGATCGGCA	6	1
789	6	1	0	1	GGCCCGACCCCGATCGGCAT	6	1
790	6	1	0	1	GCCCGACCCCGATCGGCATC	6	1
791	6	1	0	1	CCCGACCCCGATCGGCATCC	6	1
792	6	1	0	1	CCGACCCCGATCGGCATCCG	6	1
793	6	1	0	1	CGACCCCGATCGGCATCCGC	6	1
794	6	1	0	1	GACCCCGATCGGCATCCGCA	6	1
795	6	1	0	1	ACCCCGATCGGCATCCGCAA	6	1
796	6	1	0	1	CCCCGATCGGCATCCGCAAC	6	1
797	6	1	0	1	CCCGATCGGCATCCGCAACA	6	1
798	6	1	0	1	CCGATCGGCATCCGCAACAC	6	1
799	6	1	0	1	CGATCGGCATCCGCAACACC	6	1
800	6	1	0	1	GATCGGCATCCGCAACACCG	6	1
801	6	1	0	1	ATCGGCATCCGCAACACCGA	6	1
802	6	1	0	1	TCGGCATCCGCAACACCGAC	6	1
803	6	2	0.91829583405449	1	CGGCATCCGCAACACCGACA	4	0.666666666666667
804	6	3	1.45914791702724	1	GGCATCCGCAACACCGACAC	3	0.5
805	6	3	1.45914791702724	1	GCATCCGCAACACCGACACC	3	0.5
806	6	4	1.79248125036058	1	CATCCGCAACACCGACACCT	3	0.5
807	6	4	1.79248125036058	1	ATCCGCAACACCGACACCTT	3	0.5
808	6	4	1.79248125036058	1	TCCGCAACACCGACACCTTC	3	0.5
809	6	4	1.79248125036058	1	CCGCAACACCGACACCTTCC	3	0.5
810	6	4	1.79248125036058	1	CGCAACACCGACACCTTCCT	3	0.5
811	6	4	1.79248125036058	1	GCAACACCGACACCTTCCTG	3	0.5
812	6	5	2.25162916738782	1	CAACACCGACACCTTCCTGC	2	0.333333333333333
813	6	5	2.25162916738782	1	AACACCGACACCTTCCTGCA	2	0.333333333333333
814	6	5	2.25162916738782	1	ACACCGACACCTTCCTGCAG	2	0.333333333333333
815	6	5	2.25162916738782	1	CACCGACACCTTCCTGCAGA	2	0.333333333333333
816	6	5	2.25162916738782	1	ACCGACACCTTCCTGCAGAA	2	0.333333333333333
817	6	5	2.25162916738782	1	CCGACACCTTCCTGCAGAAC	2	0.333333333333333
818	6	5	2.25162916738782	1	CGACACCTTCCTGCAGAACC	2	0.333333333333333
819	6	5	2.25162916738782	1	GACACCTTCCTGCAGAACCT	2	0.333333333333333
820	6	5	2.25162916738782	1	ACACCTTCCTGCAGAACCTG	2	0.333333333333333
821	6	5	2.25162916738782	1	CACCTTCCTGCAGAACCTGA	2	0.333333333333333
822	6	5	2.25162916738782	1	ACCTTCCTGCAGAACCTGAA	2	0.333333333333333
823	6	4	1.79248125036058	1	CCTTCCTGCAGAACCTGAAG	3	0.5
824	6	3	1.25162916738782	1	CTTCCTGCAGAACCTGAAGA	4	0.666666666666667
825	6	4	1.79248125036058	1	TTCCTGCAGAACCTGAAGAA	3	0.5
826	6	4	1.79248125036058	1	TCCTGCAGAACCTGAAGAAG	3	0.5
827	6	5	2.25162916738782	1	CCTGCAGAACCTGAAGAAGA	2	0.333333333333333
828	6	5	2.25162916738782	1	CTGCAGAACCTGAAGAAGAT	2	0.333333333333333
829	6	5	2.25162916738782	1	TGCAGAACCTGAAGAAGATG	2	0.333333333333333
830	6	5	2.25162916738782	1	GCAGAACCTGAAGAAGATGA	2	0.333333333333333
831	6	5	2.25162916738782	1	CAGAACCTGAAGAAGATGAC	2	0.333333333333333
832	6	5	2.25162916738782	1	AGAACCTGAAGAAGATGACC	2	0.333333333333333
833	6	5	2.25162916738782	1	GAACCTGAAGAAGATGACCG	2	0.333333333333333
834	6	5	2.25162916738782	1	AACCTGAAGAAGATGACCGG	2	0.333333333333333
835	6	5	2.25162916738782	1	ACCTGAAGAAGATGACCGGC	2	0.333333333333333
836	6	5	2.25162916738782	1	CCTGAAGAAGATGACCGGCA	2	0.333333333333333
837	6	5	2.25162916738782	1	CTGAAGAAGATGACCGGCAA	2	0.333333333333333
838	6	5	2.25162916738782	1	TGAAGAAGATGACCGGCAAG	2	0.333333333333333
839	6	5	2.25162916738782	1	GAAGAAGATGACCGGCAAGC	2	0.333333333333333
840	6	5	2.25162916738782	1	AAGAAGATGACCGGCAAGCC	2	0.333333333333333
841	6	5	2.25162916738782	1	AGAAGATGACCGGCAAGCCG	2	0.333333333333333
842	6	5	2.25162916738782	1	GAAGATGACCGGCAAGCCGA	2	0.333333333333333
843	6	5	2.25162916738782	1	AAGATGACCGGCAAGCCGAT	2	0.333333333333333
844	6	4	1.79248125036058	1	AGATGACCGGCAAGCCGATC	3	0.5
845	6	4	1.79248125036058	1	GATGACCGGCAAGCCGATCC	3	0.5
846	6	4	1.79248125036058	1	ATGACCGGCAAGCCGATCCC	3	0.5
847	6	3	1.25162916738782	1	TGACCGGCAAGCCGATCCCG	4	0.666666666666667
848	6	4	1.79248125036058	1	GACCGGCAAGCCGATCCCGG	3	0.5
849	6	3	1.45914791702724	1	ACCGGCAAGCCGATCCCGGA	3	0.5
850	6	3	1.45914791702724	1	CCGGCAAGCCGATCCCGGAG	3	0.5
851	6	3	1.45914791702724	1	CGGCAAGCCGATCCCGGAGA	3	0.5
852	6	3	1.45914791702724	1	GGCAAGCCGATCCCGGAGAG	3	0.5
853	6	3	1.45914791702724	1	GCAAGCCGATCCCGGAGAGC	3	0.5
854	6	3	1.45914791702724	1	CAAGCCGATCCCGGAGAGCC	3	0.5
855	6	3	1.45914791702724	1	AAGCCGATCCCGGAGAGCCT	3	0.5
856	6	3	1.45914791702724	1	AGCCGATCCCGGAGAGCCTG	3	0.5
857	6	4	1.91829583405449	1	GCCGATCCCGCAGAGCCTGG	2	0.333333333333333
858	6	5	2.25162916738782	1	CCGATCCCGGAGAGCCTGGT	2	0.333333333333333
859	6	5	2.25162916738782	1	CGATCCCGGAGAGCCTGGTG	2	0.333333333333333
860	6	6	2.58496250072116	1	GATCCCGGAGAGCCTGGTGC	1	0.166666666666667
861	6	6	2.58496250072116	1	ATCCCGCAGAGCCTGGTGCG	1	0.166666666666667
862	6	6	2.58496250072116	1	TCCCGGAGAGCCTGATCCGC	1	0.166666666666667
863	6	6	2.58496250072116	1	CCCGGAGAGCCTGGTGCGCG	1	0.166666666666667
864	6	6	2.58496250072116	1	CCGCAGAGCCTGGCCCACGA	1	0.166666666666667
865	6	6	2.58496250072116	1	CGGAGAGCCTGGTGTGCGAG	1	0.166666666666667
866	6	6	2.58496250072116	1	GCAGAGCCTGGCCCACGAGC	1	0.166666666666667
867	6	6	2.58496250072116	1	CCGAGCCTGGTGCGCGAGCG	1	0.166666666666667
868	6	5	2.25162916738782	1	AGAGCCTGGTGCGCGAGCGC	2	0.333333333333333
869	6	4	1.79248125036058	1	GAGCCTGGTGCGCGAGCGCG	3	0.5
870	6	4	1.79248125036058	1	AGCCTGGTGCGCGAGCGCGG	3	0.5
871	6	4	1.79248125036058	1	GCCTGGTGCGCGAGCGCGGC	3	0.5
872	6	4	1.79248125036058	1	CCTGGTGCGCGAGCGCGGCA	3	0.5
873	6	4	1.79248125036058	1	CTGGTGCGCGAGCGCGGCAT	3	0.5
874	6	4	1.79248125036058	1	TGGTGCGCGAGCGCGGCATC	3	0.5
875	6	4	1.79248125036058	1	GGTGCGCGAGCGCGGCATCG	3	0.5
876	6	4	1.79248125036058	1	GTGCGCGAGCGCGGCATCGC	3	0.5
877	6	4	1.79248125036058	1	TGCGCGAGCGCGGCATCGCC	3	0.5
878	6	5	2.25162916738782	1	GCGCGAGCGCGGCATCGCCA	2	0.333333333333333
879	6	4	1.79248125036058	1	CGCGAGCGCGGCATCGCCAT	3	0.5
880	6	3	1.25162916738782	1	GCGAGCGCGGCATCGCCATC	4	0.666666666666667
881	6	3	1.25162916738782	1	CGAGCGCGGCATCGCCATCG	4	0.666666666666667
882	6	3	1.25162916738782	1	GAGCGCGGCATCGCCATCGA	4	0.666666666666667
883	6	3	1.25162916738782	1	AGCGCGGCATCGCCATCGAC	4	0.666666666666667
884	6	3	1.25162916738782	1	GCGCGGCATCGCCATCGACG	4	0.666666666666667
885	6	3	1.25162916738782	1	CGCGGCATCGCCATCGACGC	4	0.666666666666667
886	6	3	1.25162916738782	1	GCGGCATCGCCATCGACGCC	4	0.666666666666667
887	6	4	1.91829583405449	1	CGGCATCGCCATCGACGCCA	2	0.333333333333333
888	6	4	1.91829583405449	1	GGCATCGCCATCGACGCCAT	2	0.333333333333333
889	6	4	1.91829583405449	1	GCATCGCCATCGACGCCATC	2	0.333333333333333
890	6	5	2.25162916738782	1	CATCGCCATCGACGCCATCA	2	0.333333333333333
891	6	5	2.25162916738782	1	ATCGCCATCGACGCCATCAC	2	0.333333333333333
892	6	5	2.25162916738782	1	TCGCCATCGACGCCATCACC	2	0.333333333333333
893	6	5	2.25162916738782	1	CGCCATCGACGCCATCACCG	2	0.333333333333333
894	6	4	1.91829583405449	1	GCCATCGACGCCATCACCGA	2	0.333333333333333
895	6	4	1.91829583405449	1	CCATCGACGCCCTGGCCGAC	2	0.333333333333333
896	6	5	2.25162916738782	1	CATCGACGCCCTGGCCGACC	2	0.333333333333333
897	6	5	2.25162916738782	1	ATCGACGCCCTGGCCGACCT	2	0.333333333333333
898	6	5	2.25162916738782	1	TCGACGCCCTGGCCGACCTG	2	0.333333333333333
899	6	5	2.25162916738782	1	CGACGCCCTGGCCGACCTGA	2	0.333333333333333
900	6	5	2.25162916738782	1	GACGCCCTGGCCGACCTGAC	2	0.333333333333333
901	6	5	2.25162916738782	1	ACGCCCTGGCCGACCTGACC	2	0.333333333333333
902	6	5	2.25162916738782	1	CGCCCTGGCCGACCTGACCC	2	0.333333333333333
903	6	5	2.25162916738782	1	GCCCTGGCCGACCTGACCCA	2	0.333333333333333
904	6	5	2.25162916738782	1	CCCTGGCCGACCTGACCCAC	2	0.333333333333333
905	6	5	2.25162916738782	1	CCTGGCCGACCTGACCCACA	2	0.333333333333333
906	6	5	2.25162916738782	1	CTGGCCGACCTGACCCACAT	2	0.333333333333333
907	6	5	2.25162916738782	1	TGGCCGACCTGACCCACATG	2	0.333333333333333
908	6	5	2.25162916738782	1	GGCCGACCTGACCCACATGT	2	0.333333333333333
909	6	5	2.25162916738782	1	GCCGACCTGACCCACATGTT	2	0.333333333333333
910	6	4	1.79248125036058	1	CCGACCTGACCCACATGTTC	3	0.5
911	6	5	2.25162916738782	1	CGACCTGACCCACATGTTCC	2	0.333333333333333
912	6	5	2.25162916738782	1	GACCTGACCCACATGTTCCT	2	0.333333333333333
913	6	5	2.25162916738782	1	ACCTGACCCACATGTTCCTG	2	0.333333333333333
914	6	5	2.25162916738782	1	CCTGACCCACATGTTCCTGG	2	0.333333333333333
915	6	5	2.25162916738782	1	CTGACCCACATGTTCCTGGC	2	0.333333333333333
916	6	4	1.79248125036058	1	TGACCCACATGTTCCTGGCC	3	0.5
917	6	4	1.79248125036058	1	GACCCACATGTTCCTGGCCG	3	0.5
918	6	4	1.79248125036058	1	ACCCACATGTTCCTGGCCGA	3	0.5
919	6	4	1.79248125036058	1	CCCACATGTTCCTGGCCGAC	3	0.5
920	6	4	1.79248125036058	1	CCACATGTTCCTGGCCGACA	3	0.5
921	6	3	1.25162916738782	1	CACATGTTCCTGGCCGACAA	4	0.666666666666667
922	6	3	1.25162916738782	1	ACATGTTCCTGGCCGACAAG	4	0.666666666666667
923	6	3	1.25162916738782	1	CATGTTCCTGGCCGACAAGA	4	0.666666666666667
924	6	3	1.25162916738782	1	ATGTTCCTGGCCGACAAGAA	4	0.666666666666667
925	6	3	1.25162916738782	1	TGTTCCTGGCCGACAAGAAG	4	0.666666666666667
926	6	3	1.25162916738782	1	GTTCCTGGCCGACAAGAAGG	4	0.666666666666667
927	6	3	1.25162916738782	1	TTCCTGGCCGACAAGAAGGT	4	0.666666666666667
928	6	3	1.25162916738782	1	TCCTGGCCGACAAGAAGGTG	4	0.666666666666667
929	6	3	1.25162916738782	1	CCTGGCCGACAAGAAGGTGG	4	0.666666666666667
930	6	3	1.25162916738782	1	CTGGCCGACAAGAAGGTGGC	4	0.666666666666667
931	6	3	1.25162916738782	1	TGGCCGACAAGAAGGTGGCC	4	0.666666666666667
932	6	3	1.25162916738782	1	GGCCGACAAGAAGGTGGCCA	4	0.666666666666667
933	6	2	0.650022421648354	1	GCCGACAAGAAGGTGGCCAT	5	0.833333333333333
934	6	2	0.650022421648354	1	CCGACAAGAAGGTGGCCATC	5	0.833333333333333
935	6	2	0.650022421648354	1	CGACAAGAAGGTGGCCATCT	5	0.833333333333333
936	6	2	0.650022421648354	1	GACAAGAAGGTGGCCATCTA	5	0.833333333333333
937	6	2	0.650022421648354	1	ACAAGAAGGTGGCCATCTAC	5	0.833333333333333
938	6	2	0.650022421648354	1	CAAGAAGGTGGCCATCTACG	5	0.833333333333333
939	6	2	0.650022421648354	1	AAGAAGGTGGCCATCTACGG	5	0.833333333333333
940	6	2	0.650022421648354	1	AGAAGGTGGCCATCTACGGC	5	0.833333333333333
941	6	2	0.650022421648354	1	GAAGGTGGCCATCTACGGCA	5	0.833333333333333
942	6	2	0.650022421648354	1	AAGGTGGCCATCTACGGCAA	5	0.833333333333333
943	6	2	0.650022421648354	1	AGGTGGCCATCTACGGCAAC	5	0.833333333333333
944	6	3	1.25162916738782	1	GGTGGCCATCTACGGCAACC	4	0.666666666666667
945	6	3	1.25162916738782	1	GTGGCCATCTACGGCAACCC	4	0.666666666666667
946	6	3	1.25162916738782	1	TGGCCATCTACGGCAACCCG	4	0.666666666666667
947	6	3	1.25162916738782	1	GGCCATCTACGGCAACCCGG	4	0.666666666666667
948	6	3	1.25162916738782	1	GCCATCTACGGCAACCCGGA	4	0.666666666666667
949	6	3	1.25162916738782	1	CCATCTACGGCAACCCGGAC	4	0.666666666666667
950	6	3	1.25162916738782	1	CATCTACGGCAACCCGGACC	4	0.666666666666667
951	6	3	1.25162916738782	1	ATCTACGGCAACCCGGACCT	4	0.666666666666667
952	6	3	1.25162916738782	1	TCTACGGCAACCCGGACCTG	4	0.666666666666667
953	6	3	1.25162916738782	1	CTACGGCAACCCGGACCTGG	4	0.666666666666667
954	6	3	1.25162916738782	1	TACGGCAACCCGGACCTGGT	4	0.666666666666667
955	6	3	1.25162916738782	1	ACGGCAACCCGGACCTGGTG	4	0.666666666666667
956	6	4	1.79248125036058	1	CGGCAACCCGGACCTGGTGA	3	0.5
957	6	4	1.79248125036058	1	GGCAACCCGGACCTGGTGAT	3	0.5
958	6	4	1.79248125036058	1	GCAACCCGGACCTGGTGATC	3	0.5
959	6	4	1.79248125036058	1	CAACCCGGACCTGGTGATCG	3	0.5
960	6	4	1.79248125036058	1	AACCCGGACCTGGTGATCGG	3	0.5
961	6	4	1.79248125036058	1	ACCCGGACCTGGTGATCGGC	3	0.5
962	6	3	1.25162916738782	1	CCCGGACCTGGTGATCGGCC	4	0.666666666666667
963	6	3	1.25162916738782	1	CCGGACCTGGTGATCGGCCT	4	0.666666666666667
964	6	3	1.25162916738782	1	CGGACCTGGTGATCGGCCTG	4	0.666666666666667
965	6	3	1.25162916738782	1	GGACCTGGTGATCGGCCTGG	4	0.666666666666667
966	6	2	0.650022421648354	1	GACCTGGTGATCGGCCTGGC	5	0.833333333333333
967	6	2	0.650022421648354	1	ACCTGGTGATCGGCCTGGCC	5	0.833333333333333
968	6	3	1.25162916738782	1	CCTGGTGATCGGCCTGGCCG	4	0.666666666666667
969	6	3	1.25162916738782	1	CTGGTGATCGGCCTGGCCGA	4	0.666666666666667
970	6	3	1.25162916738782	1	TGGTGATCGGCCTGGCCGAG	4	0.666666666666667
971	6	3	1.25162916738782	1	GGTGATCGGCCTGGCCGAGT	4	0.666666666666667
972	6	3	1.25162916738782	1	GTGATCGGCCTGGCCGAGTT	4	0.666666666666667
973	6	3	1.25162916738782	1	TGATCGGCCTGGCCGAGTTC	4	0.666666666666667
974	6	3	1.25162916738782	1	GATCGGCCTGGCCGAGTTCT	4	0.666666666666667
975	6	3	1.25162916738782	1	ATCGGCCTGGCCGAGTTCTG	4	0.666666666666667
976	6	3	1.25162916738782	1	TCGGCCTGGCCGAGTTCTGC	4	0.666666666666667
977	6	3	1.25162916738782	1	CGGCCTGGCCGAGTTCTGCC	4	0.666666666666667
978	6	3	1.25162916738782	1	GGCCTGGCCGAGTTCTGCCT	4	0.666666666666667
979	6	3	1.25162916738782	1	GCCTGGCCGAGTTCTGCCTG	4	0.666666666666667
980	6	3	1.25162916738782	1	CCTGGCCGAGTTCTGCCTGG	4	0.666666666666667
981	6	3	1.25162916738782	1	CTGGCCGAGTTCTGCCTGGA	4	0.666666666666667
982	6	3	1.25162916738782	1	TGGCCGAGTTCTGCCTGGAC	4	0.666666666666667
983	6	4	1.79248125036058	1	GGCCGAGTTCTGCCTGGACC	3	0.5
984	6	4	1.79248125036058	1	GCCGAGTTCTGCCTGGACCT	3	0.5
985	6	4	1.79248125036058	1	CCGAGTTCTGCCTGGACCTG	3	0.5
986	6	4	1.79248125036058	1	CGAGTTCTGCCTGGACCTGG	3	0.5
987	6	4	1.79248125036058	1	GAGTTCTGCCTGGACCTGGA	3	0.5
988	6	3	1.45914791702724	1	AGTTCTGCCTGGACCTGGAG	3	0.5
989	6	3	1.45914791702724	1	GTTCTGCCTGGACCTGGAGA	3	0.5
990	6	2	0.91829583405449	1	TTCTGCCTGGACCTGGAGAT	4	0.666666666666667
991	6	2	0.91829583405449	1	TCTGCCTGGACCTGGAGATG	4	0.666666666666667
992	6	2	0.91829583405449	1	CTGCCTGGACCTGGAGATGA	4	0.666666666666667
993	6	2	0.91829583405449	1	TGCCTGGACCTGGAGATGAA	4	0.666666666666667
994	6	2	0.91829583405449	1	GCCTGGACCTGGAGATGAAG	4	0.666666666666667
995	6	2	0.91829583405449	1	CCTGGACCTGGAGATGAAGC	4	0.666666666666667
996	6	2	0.91829583405449	1	CTGGACCTGGAGATGAAGCC	4	0.666666666666667
997	6	2	0.91829583405449	1	TGGACCTGGAGATGAAGCCG	4	0.666666666666667
998	6	5	2.25162916738782	1	GGACCTGGAGATGAAGCCGG	2	0.333333333333333
999	6	5	2.25162916738782	1	GACCTGGAGATGAAGCCGGT	2	0.333333333333333
1000	6	5	2.25162916738782	1	ACCTGGAGATGAAGCCGGTG	2	0.333333333333333
1001	6	5	2.25162916738782	1	CCTGGAGATGAAGCCGGTGC	2	0.333333333333333
1002	6	5	2.25162916738782	1	CTGGAGATGAAGCCGGTGCT	2	0.333333333333333
1003	6	4	1.79248125036058	1	TGGAGATGAAGCCGGTGCTG	3	0.5
1004	6	4	1.79248125036058	1	GGAGATGAAGCCGGTGCTGC	3	0.5
1005	6	4	1.79248125036058	1	GAGATGAAGCCGGTGCTGCT	3	0.5
1006	6	4	1.79248125036058	1	AGATGAAGCCGGTGCTGCTG	3	0.5
1007	6	4	1.79248125036058	1	GATGAAGCCGGTGCTGCTGC	3	0.5
1008	6	4	1.79248125036058	1	ATGAAGCCGGTGCTGCTGCT	3	0.5
1009	6	4	1.79248125036058	1	TGAAGCCGGTGCTGCTGCTG	3	0.5
1010	6	4	1.79248125036058	1	GAAGCCGGTGCTGCTGCTGC	3	0.5
1011	6	4	1.79248125036058	1	AAGCCGGTGCTGCTGCTGCT	3	0.5
1012	6	4	1.79248125036058	1	AGCCGGTGCTGCTGCTGCTG	3	0.5
1013	6	4	1.79248125036058	1	GCCGGTGCTGCTGCTGCTGG	3	0.5
1014	6	4	1.79248125036058	1	CCGGTGCTGCTGCTGCTGGG	3	0.5
1015	6	4	1.79248125036058	1	CGGTGCTGCTGCTGCTGGGC	3	0.5
1016	6	4	1.79248125036058	1	GGTGCTGCTGCTGCTGGGCG	3	0.5
1017	6	4	1.79248125036058	1	GTGCTGCTGCTGCTGGGCGA	3	0.5
1018	6	3	1.25162916738782	1	TGCTGCTGCTGCTGGGCGAC	4	0.666666666666667
1019	6	2	0.650022421648354	1	GCTGCTGCTGCTGGGCGACG	5	0.833333333333333
1020	6	2	0.650022421648354	1	CTGCTGCTGCTGGGCGACGA	5	0.833333333333333
1021	6	2	0.650022421648354	1	TGCTGCTGCTGGGCGACGAC	5	0.833333333333333
1022	6	2	0.650022421648354	1	GCTGCTGCTGGGCGACGACA	5	0.833333333333333
1023	6	2	0.650022421648354	1	CTGCTGCTGGGCGACGACAA	5	0.833333333333333
1024	6	2	0.650022421648354	1	TGCTGCTGGGCGACGACAAC	5	0.833333333333333
1025	6	3	1.45914791702724	1	GCTGCTGGGCGACGACAACA	3	0.5
1026	6	5	2.25162916738782	1	CTGCTGGGCGACGACAACAG	2	0.333333333333333
1027	6	5	2.25162916738782	1	TGCTGGGCGACGACAACAGC	2	0.333333333333333
1028	6	5	2.25162916738782	1	GCTGGGCGACGACAACAGCA	2	0.333333333333333
1029	6	5	2.25162916738782	1	CTGGGCGACGACAACAGCAA	2	0.333333333333333
1030	6	6	2.58496250072116	1	TGGGCGACGAGAACGCCGGC	1	0.166666666666667
1031	6	6	2.58496250072116	1	GGGCGACGACAACCTGACCT	1	0.166666666666667
1032	6	6	2.58496250072116	1	GGCGACGAGAACGCCGGCTA	1	0.166666666666667
1033	6	6	2.58496250072116	1	GCGACGAGAACGCCGGCTAC	1	0.166666666666667
1034	6	6	2.58496250072116	1	CGACGACAACCTGACCTACG	1	0.166666666666667
1035	6	6	2.58496250072116	1	GACGACAACCTGACCTACGC	1	0.166666666666667
1036	6	6	2.58496250072116	1	ACGACAACAGCAAGTACGTG	1	0.166666666666667
1037	6	6	2.58496250072116	1	CGACAACCCGAACTACAAGG	1	0.166666666666667
1038	6	6	2.58496250072116	1	GACAACCTGACCTACGCCGA	1	0.166666666666667
1039	6	6	2.58496250072116	1	AGAACGCCGGCTACGAGACC	1	0.166666666666667
1040	6	6	2.58496250072116	1	CAACAGCAAGTACGTGGACG	1	0.166666666666667
1041	6	6	2.58496250072116	1	AACAAGACCTACCCGGACGA	1	0.166666666666667
1042	6	6	2.58496250072116	1	ACAAGACCTACCCGGACGAC	1	0.166666666666667
1043	6	6	2.58496250072116	1	CAGCAACTACACCAAGGACC	1	0.166666666666667
1044	6	6	2.58496250072116	1	AAGACCTACCCGGACGACCC	1	0.166666666666667
1045	6	6	2.58496250072116	1	CGAACTACAAGGACGACCCG	1	0.166666666666667
1046	6	6	2.58496250072116	1	CGGCTACGAGACCGACCCGC	1	0.166666666666667
1047	6	6	2.58496250072116	1	GGCTACGAGACCGACCCGCG	1	0.166666666666667
1048	6	6	2.58496250072116	1	CCTACCCGGACGACCCGCGC	1	0.166666666666667
1049	6	6	2.58496250072116	1	CTACACCAAGGACCCGCGCA	1	0.166666666666667
1050	6	6	2.58496250072116	1	TACGCCGACGACCCGCGCGT	1	0.166666666666667
1051	6	6	2.58496250072116	1	ACCCGGACGACCCGCGCATC	1	0.166666666666667
1052	6	6	2.58496250072116	1	CCCGGACGACCCGCGCATCA	1	0.166666666666667
1053	6	6	2.58496250072116	1	GTGGACGACCCGCGCATCAA	1	0.166666666666667
1054	6	6	2.58496250072116	1	CGGACGACCCGCGCATCAAG	1	0.166666666666667
1055	6	5	2.25162916738782	1	GGACGACCCGCGCATCAAGG	2	0.333333333333333
1056	6	6	2.58496250072116	1	GACGACCCGCGCGTGAAGGC	1	0.166666666666667
1057	6	6	2.58496250072116	1	ACGACCCGCGCATCCAGGAG	1	0.166666666666667
1058	6	5	2.25162916738782	1	CGACCCGCGCATCAAGGCCC	2	0.333333333333333
1059	6	5	2.25162916738782	1	GACCCGCGCATCAAGGCCCT	2	0.333333333333333
1060	6	5	2.25162916738782	1	ACCCGCGCATCAAGGCCCTG	2	0.333333333333333
1061	6	5	2.25162916738782	1	CCCGCGCATCAAGGCCCTGC	2	0.333333333333333
1062	6	5	2.25162916738782	1	CCGCGCATCAAGGCCCTGCA	2	0.333333333333333
1063	6	5	2.25162916738782	1	CGCGCATCAAGGCCCTGCAG	2	0.333333333333333
1064	6	5	2.25162916738782	1	GCGCATCAAGGCCCTGCAGG	2	0.333333333333333
1065	6	5	2.25162916738782	1	CGCATCAAGGCCCTGCAGGA	2	0.333333333333333
1066	6	5	2.25162916738782	1	GCATCAAGGCCCTGCAGGAG	2	0.333333333333333
1067	6	6	2.58496250072116	1	CATCCAGGAGTTCGAGAAGA	1	0.166666666666667
1068	6	6	2.58496250072116	1	GTGAAGGCCCTGCAGGAGCA	1	0.166666666666667
1069	6	6	2.58496250072116	1	TCCAGGAGTTCGAGAAGAAC	1	0.166666666666667
1070	6	6	2.58496250072116	1	CAAGGCCCTGCAGGAGAACG	1	0.166666666666667
1071	6	6	2.58496250072116	1	AAGGAGCTGCAGGAGAAGGT	1	0.166666666666667
1072	6	6	2.58496250072116	1	AGGCCCTGCAGGAGCGCGTG	1	0.166666666666667
1073	6	6	2.58496250072116	1	GGAGCTGCAGGAGAAGGTGG	1	0.166666666666667
1074	6	5	2.25162916738782	1	GCCCTGCAGGAGAACGTGGA	2	0.333333333333333
1075	6	5	2.25162916738782	1	CCCTGCAGGAGAACGTGGAC	2	0.333333333333333
1076	6	5	2.25162916738782	1	CCTGCAGGAGAACGTGGACT	2	0.333333333333333
1077	6	5	2.25162916738782	1	CTGCAGGAGAACGTGGACTA	2	0.333333333333333
1078	6	5	2.25162916738782	1	TGCAGGAGAACGTGGACTAC	2	0.333333333333333
1079	6	6	2.58496250072116	1	GCAGGAGCACGTGGACTACA	1	0.166666666666667
1080	6	6	2.58496250072116	1	CAGGAGAAGGTGGACTTCGA	1	0.166666666666667
1081	6	6	2.58496250072116	1	AGGAGAAGGTGGACTTCGAC	1	0.166666666666667
1082	6	6	2.58496250072116	1	GGAGAACGTGGACTACGGCA	1	0.166666666666667
1083	6	6	2.58496250072116	1	AAGAACGTGGACTACAAGAT	1	0.166666666666667
1084	6	6	2.58496250072116	1	AGAACGTGGACTACAAGATG	1	0.166666666666667
1085	6	6	2.58496250072116	1	GCACGTGGACTACAAGATGG	1	0.166666666666667
1086	6	6	2.58496250072116	1	CGCGTGGACCACGACATGGA	1	0.166666666666667
1087	6	5	2.25162916738782	1	ACGTGGACTACAAGATGGAG	2	0.333333333333333
1088	6	5	2.25162916738782	1	CGTGGACTACAAGATGGAGA	2	0.333333333333333
1089	6	5	2.25162916738782	1	GTGGACTACAAGATGGAGAT	2	0.333333333333333
1090	6	5	2.25162916738782	1	TGGACTACAAGATGGAGATC	2	0.333333333333333
1091	6	6	2.58496250072116	1	GGACTTCGACATGGAGATCA	1	0.166666666666667
1092	6	6	2.58496250072116	1	GACTACGGCATGGAGATCGT	1	0.166666666666667
1093	6	6	2.58496250072116	1	ACTACAAGATGGAGATCGTG	1	0.166666666666667
1094	6	6	2.58496250072116	1	CTACGGCATGGAGATCGTGA	1	0.166666666666667
1095	6	6	2.58496250072116	1	TACCCGATGGAGATCATCAC	1	0.166666666666667
1096	6	6	2.58496250072116	1	ACAAGATGGAGATCATCACC	1	0.166666666666667
1097	6	6	2.58496250072116	1	CGGCATGGAGATCGTGACCA	1	0.166666666666667
1098	6	6	2.58496250072116	1	GACATGGAGATCATCATGAA	1	0.166666666666667
1099	6	6	2.58496250072116	1	AGATGGAGATCGTGACCAAC	1	0.166666666666667
1100	6	5	2.25162916738782	1	GATGGAGATCATCACCAACG	2	0.333333333333333
1101	6	3	1.45914791702724	1	ATGGAGATCATCACCAACGC	3	0.5
1102	6	3	1.45914791702724	1	TGGAGATCATCACCAACGCC	3	0.5
1103	6	3	1.45914791702724	1	GGAGATCATCACCAACGCCG	3	0.5
1104	6	3	1.45914791702724	1	GAGATCATCACCAACGCCGA	3	0.5
1105	6	3	1.45914791702724	1	AGATCATCACCAACGCCGAC	3	0.5
1106	6	4	1.91829583405449	1	GATCATCACCAACGCCGACC	2	0.333333333333333
1107	6	4	1.91829583405449	1	ATCGTGACCAACGCCGACTT	2	0.333333333333333
1108	6	4	1.91829583405449	1	TCATCACCAACGCCGACCTG	2	0.333333333333333
1109	6	4	1.91829583405449	1	CGTGACCAACGCCGACTTCT	2	0.333333333333333
1110	6	4	1.91829583405449	1	GTGACCAACGCCGACTTCTG	2	0.333333333333333
1111	6	4	1.91829583405449	1	TGACCAACGCCGACTTCTGG	2	0.333333333333333
1112	6	4	1.91829583405449	1	GACCAACGCCGACTTCTGGG	2	0.333333333333333
1113	6	3	1.45914791702724	1	ACCAACGCCGACTTCTGGGA	3	0.5
1114	6	3	1.45914791702724	1	CCAACGCCGACTTCTGGGAG	3	0.5
1115	6	3	1.45914791702724	1	CAACGCCGACTTCTGGGAGC	3	0.5
1116	6	3	1.45914791702724	1	AACGCCGACTTCTGGGAGCT	3	0.5
1117	6	3	1.45914791702724	1	ACGCCGACTTCTGGGAGCTG	3	0.5
1118	6	3	1.45914791702724	1	CGCCGACTTCTGGGAGCTGG	3	0.5
1119	6	3	1.45914791702724	1	GCCGACTTCTGGGAGCTGGA	3	0.5
1120	6	3	1.45914791702724	1	CCGACTTCTGGGAGCTGGAG	3	0.5
1121	6	5	2.25162916738782	1	CGACTTCTGGGAGCTGGAGA	2	0.333333333333333
1122	6	5	2.25162916738782	1	GACTTCTGGGAGCTGGAGAA	2	0.333333333333333
1123	6	5	2.25162916738782	1	ACTTCTGGGAGCTGGAGAAC	2	0.333333333333333
1124	6	5	2.25162916738782	1	CTTCTGGGAGCTGGAGAACC	2	0.333333333333333
1125	6	5	2.25162916738782	1	TTCTGGGAGCTGGAGAACCG	2	0.333333333333333
1126	6	5	2.25162916738782	1	TCTGGGAGCTGGAGAACCGC	2	0.333333333333333
1127	6	5	2.25162916738782	1	CTGGGAGCTGGAGAACCGCA	2	0.333333333333333
1128	6	4	1.79248125036058	1	TGGGAGCTGGAGAACCGCAT	3	0.5
1129	6	4	1.79248125036058	1	GGGAGCTGGAGAACCGCATC	3	0.5
1130	6	4	1.79248125036058	1	GGAGCTGGAGAACCGCATCA	3	0.5
1131	6	4	1.79248125036058	1	GAGCTGGAGAACCGCATCAA	3	0.5
1132	6	4	1.79248125036058	1	AGCTGGAGAACCGCATCAAG	3	0.5
1133	6	4	1.79248125036058	1	GCTGGAGAACCGCATCAAGA	3	0.5
1134	6	4	1.79248125036058	1	CTGGAGAACCGCATCAAGAA	3	0.5
1135	6	4	1.79248125036058	1	TGGAGAACCGCATCAAGAAC	3	0.5
1136	6	4	1.79248125036058	1	GGAGAACCGCATCAAGAACG	3	0.5
1137	6	4	1.79248125036058	1	GAGAACCGCATCAAGAACGA	3	0.5
1138	6	5	2.25162916738782	1	AGAACCGCATCAAGAACGAG	2	0.333333333333333
1139	6	5	2.25162916738782	1	GAACCGCATCAAGAACGAGG	2	0.333333333333333
1140	6	5	2.25162916738782	1	AACCGCATCAAGAACGAGGG	2	0.333333333333333
1141	6	5	2.25162916738782	1	ACCGCATCAAGAACGAGGGC	2	0.333333333333333
1142	6	5	2.25162916738782	1	CCGCATCAAGAACGAGGGCC	2	0.333333333333333
1143	6	5	2.25162916738782	1	CGCATCAAGAACGAGGGCCT	2	0.333333333333333
1144	6	5	2.25162916738782	1	GCATCAAGAACGAGGGCCTG	2	0.333333333333333
1145	6	5	2.25162916738782	1	CATCAAGAACGAGGGCCTGG	2	0.333333333333333
1146	6	5	2.25162916738782	1	ATCAAGAACGAGGGCCTGGA	2	0.333333333333333
1147	6	5	2.25162916738782	1	TCAAGAACGAGGGCCTGGAG	2	0.333333333333333
1148	6	5	2.25162916738782	1	CAAGAACGAGGGCCTGGAGC	2	0.333333333333333
1149	6	5	2.25162916738782	1	AAGAACGAGGGCCTGGAGCT	2	0.333333333333333
1150	6	5	2.25162916738782	1	AGAACGAGGGCCTGGAGCTG	2	0.333333333333333
1151	6	5	2.25162916738782	1	GAACGAGGGCCTGGAGCTGG	2	0.333333333333333
1152	6	5	2.25162916738782	1	AACGAGGGCCTGGAGCTGGA	2	0.333333333333333
1153	6	5	2.25162916738782	1	ACGAGGGCCTGGAGCTGGAC	2	0.333333333333333
1154	6	4	1.91829583405449	1	CGAGGGCCTGGAGCTGGACC	2	0.333333333333333
1155	6	4	1.91829583405449	1	GAGGGCCTGGAGCTGGACCT	2	0.333333333333333
1156	6	3	1.25162916738782	1	AGGGCCTGGAGCTGGACCTG	4	0.666666666666667
1157	6	3	1.25162916738782	1	GGGCCTGGAGCTGGACCTGA	4	0.666666666666667
1158	6	3	1.25162916738782	1	GGCCTGGAGCTGGACCTGAT	4	0.666666666666667
1159	6	3	1.25162916738782	1	GCCTGGAGCTGGACCTGATC	4	0.666666666666667
1160	6	3	1.25162916738782	1	CCTGGAGCTGGACCTGATCC	4	0.666666666666667
1161	6	3	1.25162916738782	1	CTGGAGCTGGACCTGATCCT	4	0.666666666666667
1162	6	3	1.25162916738782	1	TGGAGCTGGACCTGATCCTG	4	0.666666666666667
1163	6	3	1.25162916738782	1	GGAGCTGGACCTGATCCTGG	4	0.666666666666667
1164	6	3	1.25162916738782	1	GAGCTGGACCTGATCCTGGG	4	0.666666666666667
1165	6	3	1.25162916738782	1	AGCTGGACCTGATCCTGGGC	4	0.666666666666667
1166	6	3	1.25162916738782	1	GCTGGACCTGATCCTGGGCC	4	0.666666666666667
1167	6	3	1.25162916738782	1	CTGGACCTGATCCTGGGCCA	4	0.666666666666667
1168	6	2	0.650022421648354	1	TGGACCTGATCCTGGGCCAC	5	0.833333333333333
1169	6	2	0.650022421648354	1	GGACCTGATCCTGGGCCACA	5	0.833333333333333
1170	6	2	0.650022421648354	1	GACCTGATCCTGGGCCACAG	5	0.833333333333333
1171	6	2	0.650022421648354	1	ACCTGATCCTGGGCCACAGC	5	0.833333333333333
1172	6	2	0.650022421648354	1	CCTGATCCTGGGCCACAGCA	5	0.833333333333333
1173	6	2	0.650022421648354	1	CTGATCCTGGGCCACAGCAA	5	0.833333333333333
1174	6	2	0.650022421648354	1	TGATCCTGGGCCACAGCAAG	5	0.833333333333333
1175	6	2	0.650022421648354	1	GATCCTGGGCCACAGCAAGG	5	0.833333333333333
1176	6	2	0.650022421648354	1	ATCCTGGGCCACAGCAAGGG	5	0.833333333333333
1177	6	2	0.650022421648354	1	TCCTGGGCCACAGCAAGGGC	5	0.833333333333333
1178	6	2	0.650022421648354	1	CCTGGGCCACAGCAAGGGCC	5	0.833333333333333
1179	6	2	0.650022421648354	1	CTGGGCCACAGCAAGGGCCG	5	0.833333333333333
1180	6	1	0	1	TGGGCCACAGCAAGGGCCGC	6	1
1181	6	1	0	1	GGGCCACAGCAAGGGCCGCT	6	1
1182	6	3	1.25162916738782	1	GGCCACAGCAAGGGCCGCTT	4	0.666666666666667
1183	6	3	1.25162916738782	1	GCCACAGCAAGGGCCGCTTC	4	0.666666666666667
1184	6	3	1.25162916738782	1	CCACAGCAAGGGCCGCTTCA	4	0.666666666666667
1185	6	4	1.91829583405449	1	CACAGCAAGGGCCGCTTCAT	2	0.333333333333333
1186	6	4	1.91829583405449	1	ACAGCAAGGGCCGCTTCATC	2	0.333333333333333
1187	6	4	1.91829583405449	1	CAGCAAGGGCCGCTTCACCG	2	0.333333333333333
1188	6	4	1.91829583405449	1	AGCAAGGGCCGCTTCATCAG	2	0.333333333333333
1189	6	4	1.91829583405449	1	GCAAGGGCCGCTTCATCAGC	2	0.333333333333333
1190	6	4	1.91829583405449	1	CAAGGGCCGCTTCATCAGCA	2	0.333333333333333
1191	6	4	1.91829583405449	1	AAGGGCCGCTTCACCGCCAT	2	0.333333333333333
1192	6	5	2.25162916738782	1	AGGGCCGCTTCATCAGCATC	2	0.333333333333333
1193	6	5	2.25162916738782	1	GGGCCGCTTCATCAGCATCG	2	0.333333333333333
1194	6	5	2.25162916738782	1	GGCCGCTTCATCAGCATCGA	2	0.333333333333333
1195	6	5	2.25162916738782	1	GCCGCTTCATCAGCATCGAC	2	0.333333333333333
1196	6	5	2.25162916738782	1	CCGCTTCATCAGCATCGACT	2	0.333333333333333
1197	6	5	2.25162916738782	1	CGCTTCATCAGCATCGACTA	2	0.333333333333333
1198	6	5	2.25162916738782	1	GCTTCATCAGCATCGACTAC	2	0.333333333333333
1199	6	6	2.58496250072116	1	CTGGACCGCCATCGACAACA	1	0.166666666666667
1200	6	6	2.58496250072116	1	TTCATCAGCATCGACTACAA	1	0.166666666666667
1201	6	6	2.58496250072116	1	GGACCGCCATCGACAACAAC	1	0.166666666666667
1202	6	6	2.58496250072116	1	CATCAGCATCGACTACGACA	1	0.166666666666667
1203	6	5	2.25162916738782	1	ACCGCCATCGACAACAACAT	2	0.333333333333333
1204	6	5	2.25162916738782	1	CCGCCATCGACAACAACATC	2	0.333333333333333
1205	6	5	2.25162916738782	1	CGCCATCGACAACAACATCC	2	0.333333333333333
1206	6	5	2.25162916738782	1	GCCATCGACAACAACATCCC	2	0.333333333333333
1207	6	5	2.25162916738782	1	CCATCGACAACAACATCCCG	2	0.333333333333333
1208	6	5	2.25162916738782	1	CATCGACAACAACATCCCGA	2	0.333333333333333
1209	6	5	2.25162916738782	1	ATCGACAACAACATCCCGAT	2	0.333333333333333
1210	6	5	2.25162916738782	1	TCGACAACAACATCCCGATG	2	0.333333333333333
1211	6	5	2.25162916738782	1	CGACAACAACATCCCGATGG	2	0.333333333333333
1212	6	5	2.25162916738782	1	GACAACAACATCCCGATGGT	2	0.333333333333333
1213	6	5	2.25162916738782	1	ACAACAACATCCCGATGGTG	2	0.333333333333333
1214	6	5	2.25162916738782	1	CAACAACATCCCGATGGTGC	2	0.333333333333333
1215	6	5	2.25162916738782	1	AACAACATCCCGATGGTGCG	2	0.333333333333333
1216	6	5	2.25162916738782	1	ACAACATCCCGATGGTGCGC	2	0.333333333333333
1217	6	4	1.79248125036058	1	CAACATCCCGATGGTGCGCG	3	0.5
1218	6	4	1.79248125036058	1	AACATCCCGATGGTGCGCGT	3	0.5
1219	6	3	1.25162916738782	1	ACATCCCGATGGTGCGCGTG	4	0.666666666666667
1220	6	3	1.25162916738782	1	CATCCCGATGGTGCGCGTGG	4	0.666666666666667
1221	6	2	0.91829583405449	1	ATCCCGATGGTGCGCGTGGG	4	0.666666666666667
1222	6	2	0.91829583405449	1	TCCCGATGGTGCGCGTGGGC	4	0.666666666666667
1223	6	2	0.91829583405449	1	CCCGATGGTGCGCGTGGGCT	4	0.666666666666667
1224	6	2	0.91829583405449	1	CCGATGGTGCGCGTGGGCTT	4	0.666666666666667
1225	6	2	0.91829583405449	1	CGATGGTGCGCGTGGGCTTC	4	0.666666666666667
1226	6	2	0.91829583405449	1	GATGGTGCGCGTGGGCTTCC	4	0.666666666666667
1227	6	2	0.91829583405449	1	ATGGTGCGCGTGGGCTTCCC	4	0.666666666666667
1228	6	2	0.91829583405449	1	TGGTGCGCGTGGGCTTCCCG	4	0.666666666666667
1229	6	3	1.45914791702724	1	GGTGCGCGTGGGCTTCCCGA	3	0.5
1230	6	3	1.45914791702724	1	GTGCGCGTGGGCTTCCCGAC	3	0.5
1231	6	2	0.650022421648354	1	TGCGCGTGGGCTTCCCGACC	5	0.833333333333333
1232	6	2	0.650022421648354	1	GCGCGTGGGCTTCCCGACCT	5	0.833333333333333
1233	6	3	1.25162916738782	1	CGCGTGGGCTTCCCGACCTA	4	0.666666666666667
1234	6	3	1.25162916738782	1	GCGTGGGCTTCCCGACCTAC	4	0.666666666666667
1235	6	3	1.25162916738782	1	CGTGGGCTTCCCGACCTACG	4	0.666666666666667
1236	6	3	1.25162916738782	1	GTGGGCTTCCCGACCTACGA	4	0.666666666666667
1237	6	3	1.25162916738782	1	TGGGCTTCCCGACCTACGAC	4	0.666666666666667
1238	6	3	1.25162916738782	1	GGGCTTCCCGACCTACGACC	4	0.666666666666667
1239	6	3	1.25162916738782	1	GGCTTCCCGACCTACGACCG	4	0.666666666666667
1240	6	3	1.25162916738782	1	GCTTCCCGACCTACGACCGC	4	0.666666666666667
1241	6	3	1.25162916738782	1	CTTCCCGACCTACGACCGCG	4	0.666666666666667
1242	6	3	1.25162916738782	1	TTCCCGACCTACGACCGCGC	4	0.666666666666667
1243	6	3	1.25162916738782	1	TCCCGACCTACGACCGCGCC	4	0.666666666666667
1244	6	3	1.25162916738782	1	CCCGACCTACGACCGCGCCG	4	0.666666666666667
1245	6	3	1.25162916738782	1	CCGACCTACGACCGCGCCGG	4	0.666666666666667
1246	6	3	1.25162916738782	1	CGACCTACGACCGCGCCGGC	4	0.666666666666667
1247	6	4	1.79248125036058	1	GACCTACGACCGCGCCGGCC	3	0.5
1248	6	4	1.79248125036058	1	ACCTACGACCGCGCCGGCCT	3	0.5
1249	6	4	1.79248125036058	1	CCTACGACCGCGCCGGCCTG	3	0.5
1250	6	4	1.79248125036058	1	CTACGACCGCGCCGGCCTGT	3	0.5
1251	6	4	1.91829583405449	1	TACGACCGCGCCGGCATGTA	2	0.333333333333333
1252	6	4	1.91829583405449	1	ACGACCGCGCCGGCCTGTAC	2	0.333333333333333
1253	6	3	1.45914791702724	1	CGACCGCGCCGGCATGTACC	3	0.5
1254	6	3	1.45914791702724	1	GACCGCGCCGGCATGTACCG	3	0.5
1255	6	3	1.45914791702724	1	ACCGCGCCGGCATGTACCGC	3	0.5
1256	6	5	2.25162916738782	1	CCGCGCCGGCATGTACCGCC	2	0.333333333333333
1257	6	5	2.25162916738782	1	CGCGCCGGCATGTACCGCCA	2	0.333333333333333
1258	6	5	2.25162916738782	1	GCGCCGGCATGTACCGCCAC	2	0.333333333333333
1259	6	5	2.25162916738782	1	CGCCGGCATGTACCGCCACC	2	0.333333333333333
1260	6	5	2.25162916738782	1	GCCGGCATGTACCGCCACCC	2	0.333333333333333
1261	6	5	2.25162916738782	1	CCGGCATGTACCGCCACCCG	2	0.333333333333333
1262	6	5	2.25162916738782	1	CGGCATGTACCGCCACCCGG	2	0.333333333333333
1263	6	5	2.25162916738782	1	GGCATGTACCGCCACCCGGT	2	0.333333333333333
1264	6	5	2.25162916738782	1	GCATGTACCGCCACCCGGTG	2	0.333333333333333
1265	6	5	2.25162916738782	1	CATGTACCGCCACCCGGTGG	2	0.333333333333333
1266	6	5	2.25162916738782	1	ATGTACCGCCACCCGGTGGT	2	0.333333333333333
1267	6	4	1.79248125036058	1	TGTACCGCCACCCGGTGGTG	3	0.5
1268	6	4	1.79248125036058	1	GTACCGCCACCCGGTGGTGG	3	0.5
1269	6	4	1.79248125036058	1	TACCGCCACCCGGTGGTGGG	3	0.5
1270	6	4	1.79248125036058	1	ACCGCCACCCGGTGGTGGGC	3	0.5
1271	6	4	1.79248125036058	1	CCGCCACCCGGTGGTGGGCT	3	0.5
1272	6	4	1.79248125036058	1	CGCCACCCGGTGGTGGGCTA	3	0.5
1273	6	4	1.79248125036058	1	GCCACCCGGTGGTGGGCTAC	3	0.5
1274	6	4	1.79248125036058	1	CCACCCGGTGGTGGGCTACG	3	0.5
1275	6	5	2.25162916738782	1	CACCCGGTGGTGGGCTACGC	2	0.333333333333333
1276	6	5	2.25162916738782	1	ACCCGGTGGTGGGCTACGCC	2	0.333333333333333
1277	6	5	2.25162916738782	1	CCCGGTGGTGGGCTACGCCG	2	0.333333333333333
1278	6	5	2.25162916738782	1	CCGGTGGTGGGCTACGCCGG	2	0.333333333333333
1279	6	5	2.25162916738782	1	CGGTGGTGGGCTACGCCGGC	2	0.333333333333333
1280	6	5	2.25162916738782	1	GGTGGTGGGCTACGCCGGCG	2	0.333333333333333
1281	6	5	2.25162916738782	1	GTGGTGGGCTACGCCGGCGC	2	0.333333333333333
1282	6	5	2.25162916738782	1	TGGTGGGCTACGCCGGCGCC	2	0.333333333333333
1283	6	5	2.25162916738782	1	GGTGGGCTACGCCGGCGCCA	2	0.333333333333333
1284	6	5	2.25162916738782	1	GTGGGCTACGCCGGCGCCAC	2	0.333333333333333
1285	6	5	2.25162916738782	1	TGGGCTACGCCGGCGCCACC	2	0.333333333333333
1286	6	5	2.25162916738782	1	GGGCTACGCCGGCGCCACCT	2	0.333333333333333
1287	6	5	2.25162916738782	1	GGCTACGCCGGCGCCACCTG	2	0.333333333333333
1288	6	5	2.25162916738782	1	GCTACGCCGGCGCCACCTGG	2	0.333333333333333
1289	6	5	2.25162916738782	1	CTACGCCGGCGCCACCTGGC	2	0.333333333333333
1290	6	5	2.25162916738782	1	TACGCCGGCGCCACCTGGCT	2	0.333333333333333
1291	6	5	2.25162916738782	1	ACGCCGGCGCCACCTGGCTG	2	0.333333333333333
1292	6	5	2.25162916738782	1	CGCCGGCGCCACCTGGCTGG	2	0.333333333333333
1293	6	5	2.25162916738782	1	GCCGGCGCCACCTGGCTGGC	2	0.333333333333333
1294	6	5	2.25162916738782	1	CCGGCGCCACCTGGCTGGCC	2	0.333333333333333
1295	6	4	1.79248125036058	1	CGGCGCCACCTGGCTGGCCG	3	0.5
1296	6	3	1.45914791702724	1	GGCGCCACCTGGCTGGCCGA	3	0.5
1297	6	3	1.45914791702724	1	GCGCCACCTGGCTGGCCGAG	3	0.5
1298	6	4	1.91829583405449	1	CGCCACCTGGCTGGCCGAGC	2	0.333333333333333
1299	6	4	1.91829583405449	1	GCCATCTGGCTGGCCGAGCA	2	0.333333333333333
1300	6	4	1.91829583405449	1	CCACCTGGCTGGCCGAGCAG	2	0.333333333333333
1301	6	4	1.91829583405449	1	CACCTGGCTGGCCGAGCAGA	2	0.333333333333333
1302	6	4	1.91829583405449	1	ACCTGGCTGGCCGAGCAGAT	2	0.333333333333333
1303	6	4	1.91829583405449	1	CCTGGCTGGCCGAGCAGATG	2	0.333333333333333
1304	6	3	1.25162916738782	1	CTGGCTGGCCGAGCAGATGG	4	0.666666666666667
1305	6	3	1.25162916738782	1	TGGCTGGCCGAGCAGATGGC	4	0.666666666666667
1306	6	3	1.25162916738782	1	GGCTGGCCGAGCAGATGGCC	4	0.666666666666667
1307	6	3	1.25162916738782	1	GCTGGCCGAGCAGATGGCCA	4	0.666666666666667
1308	6	3	1.25162916738782	1	CTGGCCGAGCAGATGGCCAA	4	0.666666666666667
1309	6	3	1.25162916738782	1	TGGCCGAGCAGATGGCCAAC	4	0.666666666666667
1310	6	4	1.79248125036058	1	GGCCGAGCAGATGGCCAACA	3	0.5
1311	6	4	1.79248125036058	1	GCCGAGCAGATGGCCAACAC	3	0.5
1312	6	4	1.79248125036058	1	CCGAGCAGATGGCCAACACC	3	0.5
1313	6	4	1.79248125036058	1	CGAGCAGATGGCCAACACCC	3	0.5
1314	6	4	1.79248125036058	1	GAGCAGATGGCCAACACCCT	3	0.5
1315	6	4	1.79248125036058	1	AGCAGATGGCCAACACCCTG	3	0.5
1316	6	4	1.79248125036058	1	GCAGATGGCCAACACCCTGT	3	0.5
1317	6	4	1.79248125036058	1	CAGATGGCCAACACCCTGTT	3	0.5
1318	6	4	1.79248125036058	1	AGATGGCCAACACCCTGTTC	3	0.5
1319	6	4	1.79248125036058	1	GATGGCCAACACCCTGTTCG	3	0.5
1320	6	4	1.79248125036058	1	ATGGCCAACACCCTGTTCGC	3	0.5
1321	6	4	1.79248125036058	1	TGGCCAACACCCTGTTCGCC	3	0.5
1322	6	4	1.79248125036058	1	GGCCAACACCCTGTTCGCCG	3	0.5
1323	6	4	1.79248125036058	1	GCCAACACCCTGTTCGCCGA	3	0.5
1324	6	4	1.79248125036058	1	CCAACACCCTGTTCGCCGAC	3	0.5
1325	6	4	1.79248125036058	1	CAACACCCTGTTCGCCGACA	3	0.5
1326	6	4	1.79248125036058	1	AACACCCTGTTCGCCGACAT	3	0.5
1327	6	4	1.79248125036058	1	ACACCCTGTTCGCCGACATG	3	0.5
1328	6	4	1.79248125036058	1	CACCCTGTTCGCCGACATGG	3	0.5
1329	6	4	1.79248125036058	1	ACCCTGTTCGCCGACATGGA	3	0.5
1330	6	3	1.45914791702724	1	CCCTGTTCGCCGACATGGAG	3	0.5
1331	6	5	2.25162916738782	1	CCTGTTCGCCGACATGGAGT	2	0.333333333333333
1332	6	5	2.25162916738782	1	CTGTTCGCCGACATGGAGTA	2	0.333333333333333
1333	6	5	2.25162916738782	1	TGTTCGCCGACATGGAGTAC	2	0.333333333333333
1334	6	5	2.25162916738782	1	GTTCGCCGACATGGAGTACA	2	0.333333333333333
1335	6	5	2.25162916738782	1	TTCGCCGACATGGAGTACAA	2	0.333333333333333
1336	6	5	2.25162916738782	1	TCGCCGACATGGAGTACAAG	2	0.333333333333333
1337	6	6	2.58496250072116	1	CACCGACATGGAGCACAAGA	1	0.166666666666667
1338	6	6	2.58496250072116	1	GCCGACATGGAGCACAAGAA	1	0.166666666666667
1339	6	4	1.91829583405449	1	CCGACATGGAGTACAAGAAG	2	0.333333333333333
1340	6	4	1.91829583405449	1	CGACATGGAGTACAAGAAGA	2	0.333333333333333
1341	6	4	1.91829583405449	1	GACATGGAGTACAAGAAGAA	2	0.333333333333333
1342	6	4	1.91829583405449	1	ACATGGAGTACAAGAAGAAC	2	0.333333333333333
1343	6	5	2.25162916738782	1	CATGGAGCACAAGAAGAACA	2	0.333333333333333
1344	6	5	2.25162916738782	1	ATGGAGCACAAGAAGAACAA	2	0.333333333333333
1345	6	5	2.25162916738782	1	TGGAGCACAAGAAGAACAAG	2	0.333333333333333
1346	6	5	2.25162916738782	1	GGAGCACAAGAAGAACAAGG	2	0.333333333333333
