Pos	NumberSpanning	UniqueMers	Entropy	PrimerDeg	PrimerSeq	NumberMatching	FractionMatching
20	132	50	4.92769459254731	1	CTGGTCCTACTGGACTGATC	23	0.174242424242424
21	132	49	4.89338152426715	1	TGGTCCTACTGGACTGATCT	23	0.174242424242424
22	132	47	4.84792697881261	1	GGTCCTACTGGACTGATCTT	23	0.174242424242424
23	132	51	5.02454087362536	1	GTCCTACTGGACTGATCTTC	21	0.159090909090909
24	132	51	5.02454087362536	1	TCCTACTGGACTGATCTTCG	21	0.159090909090909
25	132	50	4.99995668803569	1	CCTACTGGACTGATCTTCGC	21	0.159090909090909
26	132	52	5.04541123349024	1	CTACTGGACTGATCTTCGCA	21	0.159090909090909
27	132	52	4.99888313159572	1	TACTGGACTGATCTTCGCAA	21	0.159090909090909
28	132	46	4.99888313159572	1	ACTGGACTGATCTTCGCAAT	21	0.159090909090909
29	132	46	4.99888313159572	1	CTGGACTGATCTTCGCAATG	21	0.159090909090909
30	132	48	5.08607839678002	1	TGGACTGATCTTCGCAATGC	21	0.159090909090909
31	132	42	4.90103829504212	1	GGACTGATCTTCGCAATGCG	21	0.159090909090909
32	132	43	4.93398159462997	1	GACTGATCTTCGCAATGCGT	21	0.159090909090909
33	132	48	5.1068225006961	1	ACTGATCTTCGCAATGCGTA	19	0.143939393939394
34	132	45	5.03414350036706	1	CTGATCTTCGCAATGCGTAC	19	0.143939393939394
35	132	48	5.13341170527434	1	TGATCTTCGCAATGCGTACC	19	0.143939393939394
36	132	47	5.11254134540946	1	GATCTTCGCAATGCGTACCA	19	0.143939393939394
37	132	41	4.85465228703898	1	ATCTTCGCAATGCGTACCAA	21	0.159090909090909
38	132	42	4.87552264690386	1	TCTTCGCAATGCGTACCAAC	21	0.159090909090909
39	132	42	4.87552264690386	1	CTTCGCAATGCGTACCAACT	21	0.159090909090909
40	132	41	4.83999267769255	1	TTCGCAATGCGTACCAACTA	21	0.159090909090909
41	132	43	5.03525356792601	1	TCGCAATGCGTACCAACTAT	14	0.106060606060606
42	132	45	5.15380463225741	1	CGCAATGCGTACCAACTATG	14	0.106060606060606
43	132	45	5.15380463225741	1	GCAATGCGTACCAACTATGG	14	0.106060606060606
44	132	47	5.21133211743494	1	CAATGCGTACCAACTATGGT	14	0.106060606060606
45	132	50	5.43950349519078	1	AATGCGTACCAACTATGGTA	9	0.0681818181818182
46	132	48	5.41291429061255	1	ATGCGTACCAACTATGGTAG	9	0.0681818181818182
47	132	55	5.46005685520743	1	TGCGTACCAACTATGGTAGC	9	0.0681818181818182
48	132	39	5.43932858923393	1	GCGTACCAACTATGGTAGCG	9	0.0681818181818182
49	132	41	5.47364165751409	1	CGTACCAACTATGGTAGCGA	9	0.0681818181818182
50	132	45	5.61220600641904	1	GTACCAACTATGGTAGCGAG	9	0.0681818181818182
51	132	45	5.66601966587177	1	TACCAACTATGGTAGCGAGC	9	0.0681818181818182
52	132	45	5.63200280984394	1	ACCAACTATGGTAGCGAGCG	9	0.0681818181818182
53	132	45	5.66677622246351	1	CCAACTATGGTAGCGAGCGT	9	0.0681818181818182
54	132	47	5.69707925276654	1	CAACTATGGTAGCGAGCGTA	9	0.0681818181818182
55	132	47	5.69524913973483	1	AACTATGGTAGCGAGCGTAA	9	0.0681818181818182
56	132	47	5.69524913973483	1	ACTATGGTAGCGAGCGTAAC	9	0.0681818181818182
57	132	46	5.6649461094318	1	CTATGGTAGCGAGCGTAACC	9	0.0681818181818182
58	132	46	5.6649461094318	1	TATGGTAGCGAGCGTAACCC	9	0.0681818181818182
59	132	26	5.6649461094318	1	ACAGCACACAAGGTGGCACA	7	0.053030303030303
60	132	26	5.64407574956692	1	CAGCACACAAGGTGGCACAG	7	0.053030303030303
61	132	26	5.64407574956692	1	AGCACACAAGGTGGCACAGA	7	0.053030303030303
62	132	26	5.55177610236963	1	GCACACAAGGTGGCACAGAA	7	0.053030303030303
63	132	26	5.5149976707615	1	CACACAAGGTGGCACAGAAG	7	0.053030303030303
64	132	25	5.43955709485215	1	ACACAAGGTGGCACAGAAGC	7	0.053030303030303
65	132	25	5.44942807143402	1	CACAAGGTGGCACAGAAGCC	8	0.0606060606060606
66	132	25	5.49563917348031	1	ACAAGGTGGCACAGAAGCCC	8	0.0606060606060606
67	132	28	5.39204393074767	1	GCTGCGGCTAACGAAGTATT	9	0.0681818181818182
68	132	28	5.42342051749068	1	CTGCGGCTAACGAAGTATTC	9	0.0681818181818182
69	132	26	5.40997780907539	1	AGGTGGCACAGAAGCCCTTT	9	0.0681818181818182
70	132	24	5.32756992605587	1	GGTGGCACAGAAGCCCTTTA	9	0.0681818181818182
71	132	25	5.29203995684456	1	GTGGCACAGAAGCCCTTTAC	10	0.0757575757575758
72	132	24	5.26098036994979	1	TGGCACAGAAGCCCTTTACA	10	0.0757575757575758
73	132	23	5.12330315885309	1	GGCACAGAAGCCCTTTACAA	9	0.0681818181818182
74	132	24	5.19070162061249	1	CTAACGAAGTATTCTATAAC	9	0.0681818181818182
75	132	23	5.1611551469012	1	CACAGAAGCCCTTTACAACG	9	0.0681818181818182
76	132	23	5.01976257906762	1	ACAGAAGCCCTTTACAACGA	9	0.0681818181818182
77	132	23	5.08564917824333	1	ACGAAGTATTCTATAACGAA	9	0.0681818181818182
78	132	37	5.06477881837846	1	CGAAGCATTCTTCAACGAGC	14	0.106060606060606
79	132	35	4.8470539090561	1	GAAGCATTCTTCAACGAGCC	25	0.189393939393939
80	132	36	4.86792426892097	1	AAGCATTCTTCAACGAGCCT	25	0.189393939393939
81	132	37	4.88307578407249	1	AGCATTCTTCAACGAGCCTA	25	0.189393939393939
82	132	36	4.88307578407249	1	GCATTCTTCAACGAGCCTAA	25	0.189393939393939
83	132	35	4.866850712481	1	CATTCTTCAACGAGCCTAAC	25	0.189393939393939
84	132	35	4.866850712481	1	ATTCTTCAACGAGCCTAACG	25	0.189393939393939
85	132	35	4.82882381847605	1	TTCTTCAACGAGCCTAACGC	25	0.189393939393939
86	132	36	4.9217379283737	1	TCTTCAACGAGCCTAACGCT	25	0.189393939393939
87	132	36	4.9217379283737	1	CTTCAACGAGCCTAACGCTG	25	0.189393939393939
88	132	33	4.78396753182873	1	TTCAACGAGCCTAACGCTGG	27	0.204545454545455
89	132	49	4.81351400554002	1	TCAACGAGCCTAACGCTGGT	27	0.204545454545455
90	132	49	4.83499882810526	1	CAACGAGCCTAACGCTGGTT	27	0.204545454545455
91	132	49	4.84844153652054	1	AACGAGCCTAACGCTGGTTT	27	0.204545454545455
92	132	43	4.84844153652054	1	ACGAGCCTAACGCTGGTTTC	27	0.204545454545455
93	132	43	4.98300662131814	1	CGAGCCTAACGCTGGTTTCT	20	0.151515151515152
94	132	41	4.85765227078139	1	GAGCCTAACGCTGGTTTCTC	22	0.166666666666667
95	132	42	4.88795530108442	1	AGCCTAACGCTGGTTTCTCT	22	0.166666666666667
96	132	9	4.90310681623593	1	AGCCGACACAGACTTCTCAG	9	0.0681818181818182
97	132	9	4.91283569892642	1	GCCGACACAGACTTCTCAGG	9	0.0681818181818182
98	132	9	4.97036318410394	1	CCGACACAGACTTCTCAGGC	9	0.0681818181818182
119	132	5	5.39776277546104	1	CACAAGCATTGGGTTCTGCT	6	0.0454545454545455
139	135	41	5.08419279789377	1	GACTGGCGATGCTCAGGGCA	15	0.111111111111111
140	135	42	5.11640402415745	1	ACTGGCGATGCTCAGGGCAT	15	0.111111111111111
141	135	42	5.11640402415745	1	CTGGCGATGCTCAGGGCATG	15	0.111111111111111
142	135	43	5.19661825692271	1	TGGCGATGCTCAGGGCATGT	12	0.0888888888888889
143	135	44	5.22729758618254	1	GGCGATGCTCAGGGCATGTC	12	0.0888888888888889
144	135	44	5.20968417047141	1	AAATCGCTGAAGGTATGGCT	11	0.0814814814814815
145	135	45	5.27617436533225	1	CGATGCTCAGGGCATGTCAA	11	0.0814814814814815
146	135	45	5.27617436533225	1	GATGCTCAGGGCATGTCAAC	11	0.0814814814814815
147	135	46	5.30838559159593	1	ATGCTCAGGGCATGTCAACA	11	0.0814814814814815
148	135	45	5.27483503594422	1	TGCTCAGGGCATGTCAACAG	11	0.0814814814814815
149	135	46	5.31064590154523	1	GCTGAAGGTATGGCTACTTC	10	0.0740740740740741
150	135	49	5.40708701272044	1	CTCAGGGCATGTCAACAGGA	10	0.0740740740740741
151	135	54	5.43929823898412	1	TGAAGGTATGGCTACTTCTA	10	0.0740740740740741
152	135	54	5.43929823898413	1	CAGGGCATGTCAACAGGAAC	10	0.0740740740740741
153	135	56	5.43929823898413	1	AGGGCATGTCAACAGGAACT	10	0.0740740740740741
154	135	58	5.51939386114936	1	AGGTATGGCTACTTCTATCG	10	0.0740740740740741
155	135	55	5.44636948670548	1	GGTATGGCTACTTCTATCGC	10	0.0740740740740741
156	135	56	5.47992004235719	1	GTATGGCTACTTCTATCGCT	10	0.0740740740740741
157	135	56	5.47992004235719	1	TATGGCTACTTCTATCGCTG	10	0.0740740740740741
158	135	54	5.42370260266608	1	ATGGCTACTTCTATCGCTGA	11	0.0814814814814815
159	135	54	5.42370260266608	1	TGGCTACTTCTATCGCTGAA	11	0.0814814814814815
160	135	53	5.3914913764024	1	GGCTACTTCTATCGCTGAAC	11	0.0814814814814815
161	135	59	5.40888778785127	1	GCTACTTCTATCGCTGAACT	11	0.0814814814814815
162	135	62	5.49399511294897	1	CTACTTCTATCGCTGAACTC	10	0.0740740740740741
163	135	2	5.46331578368915	1	AACAGCCGATGCTGAATCAG	8	0.0592592592592593
164	135	2	5.44106735718803	1	ACAGCCGATGCTGAATCAGA	8	0.0592592592592593
165	135	2	5.37457716232719	1	CAGCCGATGCTGAATCAGAT	8	0.0592592592592593
166	135	2	5.3745771623272	1	AGCCGATGCTGAATCAGATG	8	0.0592592592592593
167	135	1	5.25464431774763	1	GCCGATGCTGAATCAGATGC	9	0.0666666666666667
168	135	1	5.25464431774763	1	CCGATGCTGAATCAGATGCT	9	0.0666666666666667
169	135	1	5.25464431774763	1	CGATGCTGAATCAGATGCTA	9	0.0666666666666667
170	135	1	5.08290841371034	1	GATGCTGAATCAGATGCTAA	9	0.0666666666666667
171	135	1	5.10781221070982	1	ATGCTGAATCAGATGCTAAC	9	0.0666666666666667
172	135	2	5.18943850707023	1	TGCTGAATCAGATGCTAACT	7	0.0518518518518519
173	135	2	5.18943850707023	1	GCTGAATCAGATGCTAACTT	7	0.0518518518518519
174	135	2	5.04633371878146	1	CTGAATCAGATGCTAACTTT	7	0.0518518518518519
175	135	2	5.04633371878146	1	TGAATCAGATGCTAACTTTG	7	0.0518518518518519
176	135	2	4.99371591842768	1	GAATCAGATGCTAACTTTGC	7	0.0518518518518519
177	135	3	5.0652083958677	1	AATCAGATGCTAACTTTGCT	6	0.0444444444444444
178	135	3	5.0652083958677	1	ATCAGATGCTAACTTTGCTG	6	0.0444444444444444
179	135	3	5.08002321068252	1	TCAGATGCTAACTTTGCTGA	6	0.0444444444444444
180	135	3	5.08002321068252	1	CAGATGCTAACTTTGCTGAG	6	0.0444444444444444
181	135	3	4.93603383249598	1	AGATGCTAACTTTGCTGAGA	6	0.0444444444444444
182	135	48	4.90640420286634	1	AACACGGCATTCCGTGAGAT	23	0.17037037037037
183	135	48	4.90640420286634	1	ACACGGCATTCCGTGAGATG	23	0.17037037037037
184	135	46	4.80124724579128	1	CACGGCATTCCGTGAGATGG	25	0.185185185185185
185	135	47	4.78643243097647	1	ACGGCATTCCGTGAGATGGG	25	0.185185185185185
186	135	50	4.86234835746156	1	CGGCATTCCGTGAGATGGGT	25	0.185185185185185
187	135	52	4.92776810106133	1	GGCATTCCGTGAGATGGGTT	25	0.185185185185185
188	135	52	4.94454337888718	1	GCATTCCGTGAGATGGGTTT	25	0.185185185185185
189	135	52	4.94454337888718	1	CATTCCGTGAGATGGGTTTC	25	0.185185185185185
190	135	54	4.98824807910859	1	ATTCCGTGAGATGGGTTTCT	25	0.185185185185185
191	135	52	4.82671760427966	1	TTCCGTGAGATGGGTTTCTC	28	0.207407407407407
192	135	57	5.11748458388741	1	TCCGTGAGATGGGTTTCTCG	20	0.148148148148148
193	135	57	5.200160579878	1	CCGTGAGATGGGTTTCTCGA	20	0.148148148148148
194	135	57	5.20016057987801	1	CGTGAGATGGGTTTCTCGAT	20	0.148148148148148
195	135	58	5.21497539469282	1	GTGAGATGGGTTTCTCGATC	20	0.148148148148148
196	135	57	5.19093752433847	1	TGAGATGGGTTTCTCGATCG	20	0.148148148148148
197	135	57	5.19093752433848	1	GAGATGGGTTTCTCGATCGA	20	0.148148148148148
198	135	56	5.1554061800264	1	AGATGGGTTTCTCGATCGAG	20	0.148148148148148
199	135	55	5.14059136521159	1	GATGGGTTTCTCGATCGAGA	20	0.148148148148148
200	135	52	4.99025564132125	1	ATGGGTTTCTCGATCGAGAA	20	0.148148148148148
201	135	56	5.18897706132744	1	TGGGTTTCTCGATCGAGAAA	20	0.148148148148148
202	137	57	5.24326336164304	1	GGGTTTCTCGATCGAGAAAG	20	0.145985401459854
203	137	57	5.24326336164304	1	GGTTTCTCGATCGAGAAAGT	20	0.145985401459854
204	137	61	5.40384730324888	1	GTTTCTCGATCGAGAAAGTC	20	0.145985401459854
205	137	62	5.4301950439382	1	TTTCTCGATCGAGAAAGTCA	20	0.145985401459854
206	137	57	5.2329720511743	1	TTCTCGATCGAGAAAGTCAC	20	0.145985401459854
207	137	59	5.30936221655469	1	TCTCGATCGAGAAAGTCACT	20	0.145985401459854
208	137	58	5.25362884412111	1	CTCGATCGAGAAAGTCACTG	20	0.145985401459854
209	137	58	5.25362884412111	1	TCGATCGAGAAAGTCACTGT	20	0.145985401459854
210	137	57	5.3017744012854	1	CGATCGAGAAAGTCACTGTA	20	0.145985401459854
211	137	58	5.32546135382435	1	GATCGAGAAAGTCACTGTAA	20	0.145985401459854
212	137	55	5.15767040442674	1	ATCGAGAAAGTCACTGTAAC	24	0.175182481751825
213	137	53	5.09671171451725	1	TCGAGAAAGTCACTGTAACC	23	0.167883211678832
214	137	53	5.09671171451725	1	CGAGAAAGTCACTGTAACCG	23	0.167883211678832
215	137	52	5.06365094799914	1	GAGAAAGTCACTGTAACCGC	23	0.167883211678832
216	137	52	5.06365094799914	1	AGAAAGTCACTGTAACCGCC	23	0.167883211678832
217	137	53	5.08375961589814	1	GAAAGTCACTGTAACCGCCA	23	0.167883211678832
218	137	53	5.07467120350517	1	AAAGTCACTGTAACCGCCAA	23	0.167883211678832
219	137	56	5.1595816273062	1	AAGTCACTGTAACCGCCAAG	23	0.167883211678832
220	137	57	5.19786711999114	1	AGTCACTGTAACCGCCAAGG	23	0.167883211678832
221	137	50	5.13530384267036	1	GTCACTGTAACCGCCAAGGC	23	0.167883211678832
222	137	52	5.16836460918847	1	TCACTGTAACCGCCAAGGCA	23	0.167883211678832
223	137	51	5.13530384267036	1	CACTGTAACCGCCAAGGCAC	23	0.167883211678832
224	137	50	5.0904738466844	1	ACTGTAACCGCCAAGGCACG	23	0.167883211678832
225	137	54	5.31128396911088	1	CTGTAACCGCCAAGGCACGC	19	0.138686131386861
226	137	54	5.31128396911087	1	TGTAACCGCCAAGGCACGCG	19	0.138686131386861
227	137	52	5.22388127968725	1	GTAACCGCCAAGGCACGCGC	19	0.138686131386861
228	137	54	5.26871127567321	1	TAACCGCCAAGGCACGCGCC	19	0.138686131386861
229	137	54	5.26871127567321	1	AACCGCCAAGGCACGCGCCC	19	0.138686131386861
230	137	52	5.201534133207	1	ACCGCCAAGGCACGCGCCCT	19	0.138686131386861
231	137	51	5.16979314382308	1	CCGCCAAGGCACGCGCCCTG	19	0.138686131386861
232	137	51	5.16979314382308	1	CGCCAAGGCACGCGCCCTGA	19	0.138686131386861
233	137	50	5.1551946036771	1	GCCAAGGCACGCGCCCTGAA	19	0.138686131386861
234	137	50	5.1551946036771	1	CCAAGGCACGCGCCCTGAAG	19	0.138686131386861
235	137	50	5.1551946036771	1	CAAGGCACGCGCCCTGAAGG	19	0.138686131386861
236	137	45	4.84443847404413	1	AAGGCACGCGCCCTGAAGGC	24	0.175182481751825
237	137	47	5.08505124254982	1	AGGCACGCGCCCTGAAGGCT	19	0.138686131386861
238	137	46	5.05199047603171	1	GGCACGCGCCCTGAAGGCTG	19	0.138686131386861
239	137	43	4.99359631544777	1	GCACGCGCCCTGAAGGCTGA	19	0.138686131386861
240	137	45	5.00819485559376	1	CACGCGCCCTGAAGGCTGAG	19	0.138686131386861
241	137	46	5.01982717707867	1	ACGCGCCCTGAAGGCTGAGT	19	0.138686131386861
242	137	45	4.98676641056056	1	CGCGCCCTGAAGGCTGAGTA	19	0.138686131386861
243	137	43	4.94369973515991	1	GCGCCCTGAAGGCTGAGTAC	19	0.138686131386861
244	137	50	5.03825899386343	1	CGCCCTGAAGGCTGAGTACA	19	0.138686131386861
245	138	45	4.71864304851486	1	GCCCTGAAGGCTGAGTACAG	23	0.166666666666667
246	138	47	4.77733772583449	1	CCCTGAAGGCTGAGTACAGC	23	0.166666666666667
247	138	48	4.80559957025399	1	CCTGAAGGCTGAGTACAGCA	23	0.166666666666667
248	138	46	4.75737477292027	1	CTGAAGGCTGAGTACAGCAT	23	0.166666666666667
249	138	47	4.84493772915166	1	TGAAGGCTGAGTACAGCATC	23	0.166666666666667
250	138	48	4.87495011647106	1	GAAGGCTGAGTACAGCATCG	23	0.166666666666667
251	138	48	4.80555597645038	1	AAGGCTGAGTACAGCATCGA	23	0.166666666666667
252	138	48	4.80555597645038	1	AGGCTGAGTACAGCATCGAG	23	0.166666666666667
253	138	48	4.80555597645038	1	GGCTGAGTACAGCATCGAGA	23	0.166666666666667
254	138	49	4.83381782086987	1	GCTGAGTACAGCATCGAGAT	23	0.166666666666667
255	138	50	4.89216541891932	1	CTGAGTACAGCATCGAGATG	23	0.166666666666667
256	138	50	4.89216541891932	1	TGAGTACAGCATCGAGATGG	23	0.166666666666667
257	138	49	4.85618134497987	1	GAGTACAGCATCGAGATGGC	23	0.166666666666667
258	138	51	4.95716010174603	1	AGTACAGCATCGAGATGGCA	23	0.166666666666667
259	138	51	4.95716010174603	1	GTACAGCATCGAGATGGCAC	23	0.166666666666667
260	138	50	4.97495206617961	1	TACAGCATCGAGATGGCACA	23	0.166666666666667
261	138	51	5.00063836261559	1	ACAGCATCGAGATGGCACAA	23	0.166666666666667
262	138	52	5.01513111623878	1	CAGCATCGAGATGGCACAAG	23	0.166666666666667
263	138	52	5.05047778695311	1	AGCATCGAGATGGCACAAGA	23	0.166666666666667
264	138	49	4.95347183080882	1	GCATCGAGATGGCACAAGAC	23	0.166666666666667
265	138	49	4.95347183080882	1	CATCGAGATGGCACAAGACC	23	0.166666666666667
266	138	49	4.97180027293187	1	ATCGAGATGGCACAAGACCT	23	0.166666666666667
267	138	49	5.00017814946008	1	TCGAGATGGCACAAGACCTG	23	0.166666666666667
268	138	49	5.006372011578	1	CGAGATGGCACAAGACCTGA	23	0.166666666666667
269	138	47	4.85351995411568	1	GAGATGGCACAAGACCTGAA	23	0.166666666666667
270	138	49	4.92579653709421	1	AGATGGCACAAGACCTGAAG	23	0.166666666666667
271	138	49	4.94181765811943	1	GATGGCACAAGACCTGAAGG	23	0.166666666666667
272	138	47	4.80813373771576	1	ATGGCACAAGACCTGAAGGC	23	0.166666666666667
273	138	50	5.02889079899152	1	TGGCACAAGACCTGAAGGCG	16	0.115942028985507
274	138	50	5.03868828539186	1	GGCACAAGACCTGAAGGCGA	16	0.115942028985507
275	138	50	4.9893193796505	1	GCACAAGACCTGAAGGCGAT	16	0.115942028985507
276	138	54	5.14618442203053	1	CACAAGACCTGAAGGCGATT	16	0.115942028985507
277	138	54	5.14618442203053	1	ACAAGACCTGAAGGCGATTC	16	0.115942028985507
278	138	49	4.9588055050021	1	CAAGACCTGAAGGCGATTCA	16	0.115942028985507
279	138	51	5.04534158116048	1	AAGACCTGAAGGCGATTCAC	16	0.115942028985507
280	138	51	4.99566945817299	1	AGACCTGAAGGCGATTCACG	16	0.115942028985507
281	138	51	4.9298398815431	1	GACCTGAAGGCGATTCACGG	16	0.115942028985507
282	138	53	4.99966214258223	1	ACCTGAAGGCGATTCACGGT	16	0.115942028985507
283	138	49	5.0168774450305	1	CCTGAAGGCGATTCACGGTC	16	0.115942028985507
284	138	49	4.99691449211627	1	CTGAAGGCGATTCACGGTCT	16	0.115942028985507
285	138	50	5.03209386148057	1	TGAAGGCGATTCACGGTCTG	16	0.115942028985507
286	138	49	5.00857855352523	1	GAAGGCGATTCACGGTCTGG	16	0.115942028985507
287	138	45	4.88270312224328	1	AAGGCGATTCACGGTCTGGA	16	0.115942028985507
288	138	46	5.04880887282571	1	AGGCGATTCACGGTCTGGAT	16	0.115942028985507
289	138	45	5.01729789061125	1	GGCGATTCACGGTCTGGATG	16	0.115942028985507
290	138	43	4.91840386272397	1	GCGATTCACGGTCTGGATGC	16	0.115942028985507
291	138	46	5.07393761155895	1	CGATTCACGGTCTGGATGCT	16	0.115942028985507
292	138	47	5.10544859377342	1	GATTCACGGTCTGGATGCTG	16	0.115942028985507
293	138	44	4.92251240893878	1	ATTCACGGTCTGGATGCTGA	23	0.166666666666667
294	138	44	4.92251240893878	1	TTCACGGTCTGGATGCTGAA	23	0.166666666666667
295	140	46	5.02663442909505	1	TCACGGTCTGGATGCTGAAA	23	0.164285714285714
296	140	44	4.92603665795267	1	CACGGTCTGGATGCTGAAAC	23	0.164285714285714
297	140	48	5.01435471492838	1	ACGGTCTGGATGCTGAAACT	23	0.164285714285714
298	138	47	4.96294501994975	1	CGGTCTGGATGCTGAAACTG	23	0.166666666666667
299	138	45	4.90113831695713	1	GGTCTGGATGCTGAAACTGA	23	0.166666666666667
300	138	48	4.97743777357294	1	GTCTGGATGCTGAAACTGAA	23	0.166666666666667
301	137	48	4.94467699667683	1	TCTGGATGCTGAAACTGAAC	23	0.167883211678832
302	137	46	4.91427701830909	1	CTGGATGCTGAAACTGAACT	23	0.167883211678832
303	137	44	4.85484848217715	1	TGGATGCTGAAACTGAACTG	23	0.167883211678832
304	137	46	4.96315925197347	1	GGATGCTGAAACTGAACTGG	23	0.167883211678832
305	137	46	4.97775779211945	1	GATGCTGAAACTGAACTGGC	23	0.167883211678832
306	137	46	4.97775779211945	1	ATGCTGAAACTGAACTGGCT	23	0.167883211678832
307	137	47	4.94305058407447	1	TGCTGAAACTGAACTGGCTA	23	0.167883211678832
308	137	46	4.92117859559016	1	GCTGAAACTGAACTGGCTAA	23	0.167883211678832
309	137	48	4.97001039074267	1	CTGAAACTGAACTGGCTAAC	23	0.167883211678832
310	137	48	4.97001039074266	1	TGAAACTGAACTGGCTAACA	23	0.167883211678832
311	137	51	4.97001039074267	1	GAAACTGAACTGGCTAACAT	23	0.167883211678832
312	137	53	5.02675810979973	1	AAACTGAACTGGCTAACATC	23	0.167883211678832
313	137	53	5.02675810979972	1	AACTGAACTGGCTAACATCC	23	0.167883211678832
314	137	53	5.03135074106316	1	ACTGAACTGGCTAACATCCT	23	0.167883211678832
315	137	52	4.99113340526516	1	CTGAACTGGCTAACATCCTC	23	0.167883211678832
316	137	54	5.07083913182387	1	TGAACTGGCTAACATCCTCA	23	0.167883211678832
317	137	52	4.91788750880296	1	GAACTGGCTAACATCCTCAG	28	0.204379562043796
318	137	54	4.97180591718188	1	AACTGGCTAACATCCTCAGC	28	0.204379562043796
319	137	54	4.97180591718188	1	ACTGGCTAACATCCTCAGCA	28	0.204379562043796
320	137	54	4.97180591718188	1	CTGGCTAACATCCTCAGCAC	28	0.204379562043796
321	137	54	5.08169086480214	1	TGGCTAACATCCTCAGCACA	23	0.167883211678832
322	137	55	5.11343185418605	1	GGCTAACATCCTCAGCACAG	23	0.167883211678832
323	137	50	5.09986768958807	1	GCTAACATCCTCAGCACAGA	23	0.167883211678832
324	137	50	5.06177074835542	1	CTAACATCCTCAGCACAGAG	23	0.167883211678832
325	137	50	5.06177074835542	1	TAACATCCTCAGCACAGAGA	23	0.167883211678832
326	137	45	4.88253602892517	1	AACATCCTCAGCACAGAGAT	23	0.167883211678832
