Pos	NumberSpanning	UniqueMers	Entropy	PrimerDeg	PrimerSeq	NumberMatching	FractionMatching
20	53	45	5.37405465263558	1	CTGCGACAAGCCGATCCCGG	4	0.0754716981132075
21	53	45	5.37405465263558	1	TGCGACAAGCCGATCCCGGA	4	0.0754716981132075
22	53	46	5.42603366211037	1	GCGACAAGCCGATCCCGGAG	4	0.0754716981132075
23	54	47	5.45859120586717	1	CGACAAGCCGATCCCGGAGC	4	0.0740740740740741
24	54	47	5.45859120586717	1	GACAAGCCGATCCCGGAGCG	4	0.0740740740740741
25	54	46	5.42155416883014	1	ACAAGCCGATCCCGGAGCGC	4	0.0740740740740741
26	54	46	5.42155416883013	1	CAAGCCGATCCCGGAGCGCA	4	0.0740740740740741
27	54	46	5.40757477064192	1	AAGCCGATCCCGGAGCGCAT	4	0.0740740740740741
28	54	46	5.40757477064192	1	AGCCGATCCCGGAGCGCATG	4	0.0740740740740741
29	56	49	5.50816050237612	1	GCCGATCCCGGAGCGCATGA	4	0.0714285714285714
30	56	48	5.44370263676117	1	CCGATCCCGGAGCGCATGAA	5	0.0892857142857143
31	56	47	5.40798835104689	1	CGATCCCGGAGCGCATGAAG	5	0.0892857142857143
32	56	46	5.35003991358552	1	GATCCCGGAGCGCATGAAGC	5	0.0892857142857143
33	56	45	5.31432562787124	1	ATCCCGGAGCGCATGAAGCA	5	0.0892857142857143
34	56	45	5.31432562787124	1	TCCCGGAGCGCATGAAGCAC	5	0.0892857142857143
35	56	45	5.31432562787124	1	CCCGGAGCGCATGAAGCACA	5	0.0892857142857143
36	56	44	5.26513120818974	1	CCGGAGCGCATGAAGCACAC	5	0.0892857142857143
37	56	44	5.26513120818974	1	CGGAGCGCATGAAGCACACC	5	0.0892857142857143
38	56	46	5.3722740653326	1	GGAGCGCATGAAGCACACCT	5	0.0892857142857143
39	56	46	5.3722740653326	1	GAGCGCATGAAGCACACCTA	5	0.0892857142857143
40	56	45	5.33655977961832	1	AGCGCATGAAGCACACCTAC	5	0.0892857142857143
41	56	48	5.5438747880904	1	GCGCATGAAGCACACCTACA	3	0.0535714285714286
42	56	45	5.42325179698034	1	CGCATGAAGCACACCTACAT	3	0.0535714285714286
43	56	45	5.42325179698034	1	GCGAGAAGCACCTGAACGTG	3	0.0535714285714286
44	56	47	5.50816050237612	1	CATGAAGCACACCTACATCT	3	0.0535714285714286
45	56	49	5.57958907380469	1	ATGAAGCACACCTACATCTA	3	0.0535714285714286
46	56	47	5.57958907380469	1	TGAAGCACACCTACATCTAC	3	0.0535714285714286
47	56	47	5.57958907380469	1	GAAGCACACCTACATCTACG	3	0.0535714285714286
48	56	46	5.5438747880904	1	AAGCACACCTACATCTACGA	3	0.0535714285714286
49	56	47	5.61530335951897	1	AGCACACCTACATCTACGAC	3	0.0535714285714286
50	56	47	5.61530335951898	1	GCACACCTACATCTACGACC	3	0.0535714285714286
51	56	47	5.61530335951898	1	CACACCTACATCTACGACCC	3	0.0535714285714286
52	56	47	5.61530335951897	1	ACACCTACATCTACGACCCG	3	0.0535714285714286
53	56	48	5.65101764523326	1	CACCTACATCTACGACCCGG	3	0.0535714285714286
54	56	6	5.65101764523326	1	ATCGTGCTGAACGACCCGGA	1	0.0178571428571429
74	56	39	5.05009827997606	1	TGCGGCGTGAAGAGCAACAT	7	0.125
75	56	39	5.05009827997606	1	GCGGCGTGAAGAGCAACATC	7	0.125
76	56	39	5.05009827997606	1	CGGCGTGAAGAGCAACATCA	7	0.125
77	56	39	5.05009827997606	1	GGCGTGAAGAGCAACATCAA	7	0.125
78	56	37	4.86576463717902	1	GCGTGAAGAGCAACATCAAG	10	0.178571428571429
79	56	34	4.56422114812616	1	CGTGAAGAGCAACATCAAGA	13	0.232142857142857
80	56	35	4.59993543384044	1	GTGAAGAGCAACATCAAGAG	13	0.232142857142857
81	56	35	4.59993543384044	1	TGAAGAGCAACATCAAGAGC	13	0.232142857142857
82	56	40	5.03914867190307	1	GAAGAGCAACATCAAGAGCG	6	0.107142857142857
83	56	40	5.03914867190307	1	AAGAGCAACATCAAGAGCAT	6	0.107142857142857
84	56	39	5.00343438618879	1	AGAGCAACATCAAGAGCATC	6	0.107142857142857
85	56	38	4.9677201004745	1	GAGCAACATCAAGAGCGTGC	6	0.107142857142857
86	56	37	4.89629152904593	1	AGCAACATCAAGAGCATCCC	6	0.107142857142857
87	56	36	4.86057724333164	1	GCAACATCAAGAGCATCCCG	6	0.107142857142857
88	56	35	4.81138282365015	1	CAACATCAAGAGCATCCCGG	6	0.107142857142857
89	56	35	4.81138282365015	1	AACATCAAGAGCGTGCCGGG	6	0.107142857142857
90	56	35	4.81138282365015	1	ACATCAAGAGCGTGCCGGGC	6	0.107142857142857
91	56	38	4.96593678850826	1	CATCAAGAGCATCCCGGGCG	6	0.107142857142857
92	56	38	4.96593678850825	1	ATCAAGAGCATCCCGGGCGT	6	0.107142857142857
93	56	37	4.93022250279397	1	TCAAGAGCATCCCGGGCGTG	6	0.107142857142857
94	56	33	4.73564041436111	1	CAAGAGCATCCCGGGCGTGA	7	0.125
95	56	26	4.32354092331116	1	AAGAGCATCCCGGGCGTGAT	8	0.142857142857143
96	56	26	4.32354092331116	1	AGAGCATCCCGGGCGTGATG	8	0.142857142857143
97	56	23	4.2029179322011	1	GAGCATCCCGGGCGTGATGA	8	0.142857142857143
98	56	23	4.18943779823389	1	AGCATCCCGGGCGTGATGAC	8	0.142857142857143
99	56	23	4.18943779823389	1	GCATCCCGGGCGTGATGACC	8	0.142857142857143
100	56	28	4.48817094025533	1	CATCCCGGGCGTGATGACCA	8	0.142857142857143
101	56	31	4.63725157499813	1	ATCCCGGGCGTGATGACCAT	7	0.125
102	56	29	4.51484527192182	1	TCCCGGGCGTGATGACCATC	7	0.125
103	56	26	4.29433606575045	1	CCCGGGCGTGATGACCATCC	8	0.142857142857143
104	56	21	3.67040422303669	1	CCGGGCGTGATGACCATCCG	13	0.232142857142857
105	56	21	3.67040422303669	1	CGGGCGTGATGACCATCCGC	13	0.232142857142857
106	56	21	3.67040422303669	1	GGGCGTGATGACCATCCGCG	13	0.232142857142857
107	56	21	3.75673398832484	1	GGCGTGATGACCATCCGCGG	13	0.232142857142857
108	56	21	3.75673398832484	1	GCGTGATGACCATCCGCGGC	13	0.232142857142857
109	56	21	3.75673398832484	1	CGTGATGACCATCCGCGGCT	13	0.232142857142857
110	56	21	3.75673398832484	1	GTGATGACCATCCGCGGCTG	13	0.232142857142857
111	56	18	3.56553706730164	1	TGATGACCATCCGCGGCTGC	14	0.25
112	56	21	3.80781914756004	1	GATGACCATCCGCGGCTGCG	14	0.25
113	56	20	3.78380168384671	1	ATGACCATCCGCGGCTGCGC	14	0.25
114	56	20	3.78380168384671	1	TGACCATCCGCGGCTGCGCC	14	0.25
115	56	20	3.78380168384671	1	GACCATCCGCGGCTGCGCCT	14	0.25
116	56	23	4.00240123599289	1	ACCATCCGCGGCTGCGCCTA	14	0.25
117	56	23	4.00240123599289	1	CCATCCGCGGCTGCGCCTAC	14	0.25
118	56	21	3.85954409313575	1	CATCCGCGGCTGCGCCTACG	14	0.25
119	56	21	3.85954409313575	1	ATCCGCGGCTGCGCCTACGC	14	0.25
120	56	16	3.50758862984027	1	TCCGCGGCTGCGCCTACGCC	14	0.25
121	56	11	2.73747272566055	1	CCGCGGCTGCGCCTACGCCG	24	0.428571428571429
122	56	8	2.05487339549658	1	CGCGGCTGCGCCTACGCCGG	32	0.571428571428571
123	56	8	2.05487339549657	1	GCGGCTGCGCCTACGCCGGC	32	0.571428571428571
124	56	11	2.8878625364277	1	CGGCTGCGCCTACGCCGGCA	22	0.392857142857143
125	56	13	3.03544579547217	1	GGCTGCGCCTACGCCGGCAG	22	0.392857142857143
126	56	13	3.03544579547217	1	GCTGCGCCTACGCCGGCAGC	22	0.392857142857143
127	56	16	3.24097749197801	1	CTGCGCCTACGCCGGCAGCA	22	0.392857142857143
128	56	16	3.24097749197801	1	TGCGCCTACGCCGGCAGCAA	22	0.392857142857143
129	56	16	3.19178307229652	1	GCGCCTACGCCGGCAGCAAG	22	0.392857142857143
130	56	16	3.19178307229652	1	CGCCTACGCCGGCAGCAAGG	22	0.392857142857143
131	56	16	3.19178307229652	1	GCCTACGCCGGCAGCAAGGG	22	0.392857142857143
132	56	14	3.06286734106663	1	CCTACGCCGGCAGCAAGGGC	22	0.392857142857143
133	56	12	2.82634747503384	1	CTACGCCGGCAGCAAGGGCG	22	0.392857142857143
134	56	12	2.82634747503384	1	TACGCCGGCAGCAAGGGCGT	22	0.392857142857143
135	56	12	2.82634747503384	1	ACGCCGGCAGCAAGGGCGTG	22	0.392857142857143
136	56	11	2.72795863567086	1	CGCCGGCAGCAAGGGCGTGG	22	0.392857142857143
137	56	11	2.72795863567086	1	GCCGGCAGCAAGGGCGTGGT	22	0.392857142857143
138	56	11	2.72795863567086	1	CCGGCAGCAAGGGCGTGGTG	22	0.392857142857143
139	56	14	2.99247486767634	1	CGGCAGCAAGGGCGTGGTGT	22	0.392857142857143
140	56	16	3.16692065806128	1	GGCAGCAAGGGCGTGGTGTG	21	0.375
141	56	17	3.20263494377556	1	GCAGCAAGGGCGTGGTGTGG	21	0.375
142	56	17	3.20263494377556	1	CAGCAAGGGCGTGGTGTGGG	21	0.375
143	56	17	3.20263494377556	1	AGCAAGGGCGTGGTGTGGGG	21	0.375
144	56	15	3.06674850673205	1	GCAAGGGCGTGGTGTGGGGC	21	0.375
145	56	12	2.5023156707193	1	CAAGGGCGTGGTGTGGGGCC	26	0.464285714285714
146	56	11	2.45312125103781	1	AAGGGCGTGGTGTGGGGCCC	26	0.464285714285714
147	56	11	2.45312125103781	1	AGGGCGTGGTGTGGGGCCCG	26	0.464285714285714
148	56	16	3.30309008353033	1	GGGCGTGGTGTGGGGCCCGA	16	0.285714285714286
149	56	16	3.30309008353033	1	GGCGTGGTGTGGGGCCCGAT	16	0.285714285714286
150	56	16	3.30309008353033	1	GCGTGGTGTGGGGCCCGATC	16	0.285714285714286
151	56	17	3.50200787213751	1	CGTGGTGTGGGGCCCGATCA	13	0.232142857142857
152	56	18	3.55995630959888	1	GTGGTGTGGGGCCCGATCAA	13	0.232142857142857
153	56	18	3.55995630959888	1	TGGTGTGGGGCCCGATCAAG	13	0.232142857142857
154	56	18	3.55995630959888	1	GGTGTGGGGCCCGATCAAGG	13	0.232142857142857
155	56	18	3.55995630959888	1	GTGTGGGGCCCGATCAAGGA	13	0.232142857142857
156	56	18	3.55995630959888	1	TGTGGGGCCCGATCAAGGAC	13	0.232142857142857
157	56	22	3.820493639345	1	GTGGGGCCCGATCAAGGACA	13	0.232142857142857
158	56	23	3.88495150495995	1	TGGGGCCCGATCAAGGACAT	13	0.232142857142857
159	56	23	3.93011802304889	1	GGGGCCCGATCAAGGACATG	13	0.232142857142857
160	56	27	4.31042304141783	1	GGGCCCGATCAAGGACATGA	11	0.196428571428571
161	56	27	4.25247460395646	1	GGCCCGATCAAGGACATGAT	11	0.196428571428571
162	56	27	4.25247460395646	1	GCCCGATCAAGGACATGATC	11	0.196428571428571
163	56	29	4.35961746109932	1	CCCGATCAAGGACATGATCC	11	0.196428571428571
164	56	30	4.3953317468136	1	CCGATCAAGGACATGATCCA	11	0.196428571428571
165	56	31	4.43104603252789	1	CGATCAAGGACATGATCCAC	11	0.196428571428571
166	56	33	4.5364055777045	1	GATCAAGGACATGATCCACA	11	0.196428571428571
167	56	33	4.5364055777045	1	ATCAAGGACATGATCCACAT	11	0.196428571428571
168	56	31	4.46497700627592	1	TCAAGGACATGATCCACATC	11	0.196428571428571
169	56	34	4.63657772903373	1	CAAGGACATGATCCACATCA	11	0.196428571428571
170	56	33	4.49994407806224	1	AAGGACATGATCCACATCAG	11	0.196428571428571
171	56	33	4.49994407806224	1	AGGACATGATCCACATCAGC	11	0.196428571428571
172	56	33	4.49994407806224	1	GGACATGATCCACATCAGCC	11	0.196428571428571
173	56	31	4.41503537266647	1	GACATGATCCACATCAGCCA	11	0.196428571428571
174	56	31	4.41503537266646	1	ACATGATCCACATCAGCCAC	11	0.196428571428571
175	56	31	4.41503537266646	1	CATGATCCACATCAGCCACG	11	0.196428571428571
176	56	31	4.41503537266646	1	ATGATCCACATCAGCCACGG	11	0.196428571428571
177	56	29	4.27943487189087	1	TGATCCACATCAGCCACGGC	11	0.196428571428571
178	56	29	4.27943487189087	1	GATCCACATCAGCCACGGCC	11	0.196428571428571
179	56	27	4.14060563062627	1	ATCCACATCAGCCACGGCCC	11	0.196428571428571
180	56	24	3.93481236648289	1	TGCACATCAGCCACGGCCCG	11	0.196428571428571
181	56	27	4.09755838702449	1	CCACATCAGCCACGGCCCGG	12	0.214285714285714
182	56	23	3.58642352711991	1	CACATCAGCCACGGCCCGGT	22	0.392857142857143
183	56	21	3.45704651822997	1	ACATCAGCCACGGCCCGGTG	22	0.392857142857143
184	56	18	3.22866826195204	1	CATCAGCCACGGCCCGGTGG	23	0.410714285714286
185	56	16	3.11501597665561	1	ATCAGCCACGGCCCGGTGGG	23	0.410714285714286
186	56	14	3.03010727125983	1	TCAGCCACGGCCCGGTGGGC	23	0.410714285714286
187	56	14	3.03010727125983	1	CAGCCACGGCCCGGTGGGCT	23	0.410714285714286
188	56	9	2.37074307153625	1	AGCCACGGCCCGGTGGGCTG	26	0.464285714285714
189	56	9	2.37074307153625	1	GCCACGGCCCGGTGGGCTGC	26	0.464285714285714
190	56	10	2.46608673435021	1	CCACGGCCCGGTGGGCTGCG	27	0.482142857142857
191	56	8	2.4261609831034	1	CACGGCCCGGTGGGCTGCGG	26	0.464285714285714
192	56	8	2.4261609831034	1	ACGGCCCGGTGGGCTGCGGC	26	0.464285714285714
193	56	10	2.99037830296941	1	CGGCCCGGTGGGCTGCGGCC	15	0.267857142857143
194	56	18	3.60677368246442	1	GGCCCGGTGGGCTGCGGCCA	15	0.267857142857143
195	56	19	3.80014727930925	1	GCCCGGTGGGCTGCGGCCAG	12	0.214285714285714
196	56	18	3.74219884184788	1	CCCGGTGGGCTGCGGCCAGT	12	0.214285714285714
197	56	20	3.88430877077705	1	CCGGTGGGCTGCGGCCAGTA	12	0.214285714285714
198	56	20	3.88430877077705	1	CGGTGGGCTGCGGCCAGTAC	12	0.214285714285714
199	56	23	4.00493176188711	1	GGTGGGCTGCGGCCAGTACA	12	0.214285714285714
200	56	24	4.06288019934848	1	GTGGGCTGCGGCCAGTACAG	12	0.214285714285714
201	56	24	4.06288019934848	1	TGGGCTGCGGCCAGTACAGC	12	0.214285714285714
202	56	28	4.34435401516586	1	GGGCTGCGGCCAGTACAGCT	11	0.196428571428571
203	56	21	3.94698332442575	1	GGCTGCGGCCAGTACAGCTG	12	0.214285714285714
204	56	21	3.94698332442575	1	GCTGCGGCCAGTACAGCTGG	12	0.214285714285714
205	56	28	4.502736171594	1	CTGCGGCCAGTACAGCTGGG	9	0.160714285714286
206	56	30	4.71121067232092	1	TGCGGCCAGTACAGCTGGGC	5	0.0892857142857143
207	56	29	4.71121067232092	1	GCGGCCAGTACAGCTGGGCC	5	0.0892857142857143
208	56	31	4.83361697539723	1	CGGCCAGTACAGCTGGGGCA	4	0.0714285714285714
209	56	35	5.03914867190307	1	GGCCACTACAGCTGGAGCCA	3	0.0535714285714286
210	56	35	5.03914867190307	1	GCCACTACAGCTGGAGCCAG	3	0.0535714285714286
211	56	34	4.98995425222158	1	CTTCTTCAGCTGGGGCTACC	3	0.0535714285714286
212	56	34	4.98995425222158	1	TACTACACCTGGGGCACCCG	3	0.0535714285714286
213	56	34	4.98995425222158	1	TCTTCAGCTGGGGCTACCGC	3	0.0535714285714286
214	56	28	4.68200581476022	1	CTACAGCTGGCTGACCCGCC	4	0.0714285714285714
215	56	25	4.42549638660664	1	TACAGCTGGGGCACCCGCCG	6	0.107142857142857
216	56	25	4.42549638660664	1	ACAGCTGGGGCACCCGCCGC	6	0.107142857142857
217	56	25	4.39675280670598	1	CAGCTGGGGCACCCGCCGCA	6	0.107142857142857
218	56	24	4.33880436924461	1	AGCTGGGGCACCCGCCGCAA	6	0.107142857142857
219	56	23	4.23091429817378	1	CCTGGGGCACCCGCCGCAAC	7	0.125
220	56	24	4.28886273563515	1	CTGGGGCACCCGCCGCAACC	7	0.125
221	56	27	4.45170944061308	1	TGGGGCACCCGCCGCAACCT	7	0.125
222	56	27	4.45170944061308	1	GGGGCACCCGCCGCAACCTG	7	0.125
223	56	30	4.68022250279397	1	GCTGACCCGCCGCAACCAGA	5	0.0892857142857143
224	56	32	4.78736535993682	1	CTGACCCGCCGCAACCAGAC	5	0.0892857142857143
225	56	32	4.78736535993682	1	TGACCCGCCGCAACCAGACC	5	0.0892857142857143
226	56	34	4.80262880587028	1	CGGCCGCCGCAACTACTACA	6	0.107142857142857
227	56	39	5.05959951168391	1	GGCCGCCGCAACTACTACAT	5	0.0892857142857143
228	56	37	4.88753751126605	1	GCCGCCGCAACTACTACATC	8	0.142857142857143
229	56	36	4.76737579781604	1	CCGCCGCAACTACTACATCG	10	0.178571428571429
230	56	36	4.72987820013551	1	CGCCGCAACTACTACATCGG	10	0.178571428571429
231	56	31	4.72987820013551	1	GCCGCAACTACTACATCGGC	10	0.178571428571429
232	56	35	4.92843919082772	1	CCGCAACTACTACATCGGCA	10	0.178571428571429
233	56	39	5.10701061939915	1	CGCAACTACTACATCGGCAC	10	0.178571428571429
234	56	38	5.10701061939915	1	GCAACTACTACATCGGCACC	10	0.178571428571429
235	56	38	5.10701061939915	1	CAACTACTACATCGGCACCA	10	0.178571428571429
236	56	38	5.10701061939915	1	AACTACTACATCGGCACCAC	10	0.178571428571429
237	56	38	5.10701061939915	1	ACTACTACATCGGCACCACC	10	0.178571428571429
257	56	38	5.05009827997606	1	TCGTGACCATGCAGTTCACC	7	0.125
258	56	37	5.01438399426177	1	CGTGACCATGCAGTTCACCA	7	0.125
259	56	40	5.17325179698034	1	GTGACCATGCAGTTCACCAG	6	0.107142857142857
260	56	39	5.13753751126605	1	TGACCATGCAGTTCACCAGC	6	0.107142857142857
261	56	40	5.10182322555177	1	GACCATGCAGTTCACCAGCG	6	0.107142857142857
262	56	38	4.89272490511343	1	ACCATGCAGTTCACCAGCGA	10	0.178571428571429
263	56	35	4.66852568079301	1	CCATGCAGTTCACCAGCGAC	12	0.214285714285714
264	56	35	4.63281139507872	1	CATGCAGTTCACCAGCGACT	12	0.214285714285714
265	56	33	4.49870827000146	1	ATGCAGTTCACCAGCGACTT	12	0.214285714285714
266	56	33	4.51915910978229	1	TGCAGTTCACCAGCGACTTC	12	0.214285714285714
267	56	34	4.55487339549658	1	GCAGTTCACCAGCGACTTCC	12	0.214285714285714
268	56	32	4.40610055933556	1	CAGTTCACCAGCGACTTCCA	13	0.232142857142857
269	56	30	4.31243783615991	1	AGTTCACCAGCGACTTCCAG	13	0.232142857142857
270	56	30	4.31243783615991	1	GTTCACCAGCGACTTCCAGG	13	0.232142857142857
271	56	26	3.90545459509493	1	TTCACCAGCGACTTCCAGGA	17	0.303571428571429
272	56	24	3.67417435230044	1	TCACCAGCGACTTCCAGGAG	20	0.357142857142857
273	56	28	4.19445279853153	1	CACCAGCGACTTCCAGGAGA	14	0.25
274	56	28	4.21330178286896	1	ACCAGCGACTTCCAGGAGAA	13	0.232142857142857
275	56	30	4.33984046728289	1	CCAGCGACTTCCAGGAGAAG	12	0.214285714285714
276	56	28	4.20395403023938	1	CAGCGACTTCCAGGAGAAGG	12	0.214285714285714
277	56	27	4.16823974452509	1	AGCGACTTCCAGGAGAAGGA	12	0.214285714285714
278	56	28	4.23269761014003	1	GCGACTTCCAGGAGAAGGAC	12	0.214285714285714
279	56	29	4.24774848776913	1	CGACTTCCAGGAGAAGGACA	11	0.196428571428571
280	56	29	4.24774848776913	1	GACTTCCAGGAGAAGGACAT	11	0.196428571428571
281	56	29	4.24774848776913	1	ACTTCCAGGAGAAGGACATC	11	0.196428571428571
282	56	29	4.24774848776913	1	CTTCCAGGAGAAGGACATCG	11	0.196428571428571
283	56	29	4.24774848776913	1	TTCCAGGAGAAGGACATCGT	11	0.196428571428571
284	56	28	4.18329062215419	1	TCCAGGAGAAGGACATCGTG	11	0.196428571428571
285	56	27	4.03950546981805	1	CCAGGAGAAGGACATCGTGT	13	0.232142857142857
286	56	27	4.09755838702449	1	CAGGAGAAGGACATCGTGTT	12	0.214285714285714
287	56	26	4.0618441013102	1	AGGAGAAGGACATCGTGTTC	12	0.214285714285714
288	56	25	4.02612981559592	1	GGAGAAGGACATCGTGTTCG	12	0.214285714285714
289	56	24	3.96818137813455	1	GAGAAGGACATCGTGTTCGG	12	0.214285714285714
290	56	24	3.96818137813455	1	AGAAGGACATCGTGTTCGGC	12	0.214285714285714
291	56	24	3.96818137813455	1	GAAGGACATCGTGTTCGGCG	12	0.214285714285714
292	56	25	4.05685641748533	1	AAGGACATCGTGTTCGGCGG	11	0.196428571428571
293	56	21	3.65401239662991	1	GCGACATCGTGTTCGGCGGC	14	0.25
294	56	17	3.22104978747227	1	CGACATCGTGTTCGGCGGCG	18	0.321428571428571
295	56	13	2.49536598679428	1	GACATCGTGTTCGGCGGCGA	30	0.535714285714286
296	56	16	2.96107441982252	1	ACATCGTGTTCGGCGGCGAC	22	0.392857142857143
297	56	18	3.14955935842866	1	CATCGTGTTCGGCGGCGACA	22	0.392857142857143
298	56	17	3.0632295931405	1	ATCGTGTTCGGCGGCGACAA	22	0.392857142857143
299	56	17	3.0632295931405	1	TCGTGTTCGGCGGCGACAAG	22	0.392857142857143
300	56	18	3.14955935842866	1	CGTGTTCGGCGGCGACAAGA	22	0.392857142857143
301	56	15	2.84634844884102	1	GTGTTCGGCGGCGACAAGAA	23	0.410714285714286
302	56	16	2.95232040204264	1	TGTTCGGCGGCGACAAGAAG	22	0.392857142857143
303	56	16	2.95232040204264	1	GTTCGGCGGCGACAAGAAGC	22	0.392857142857143
304	56	14	2.73994434178212	1	TTCGGCGGCGACAAGAAGCT	22	0.392857142857143
305	56	14	2.73994434178212	1	TCGGCGGCGACAAGAAGCTG	22	0.392857142857143
306	56	16	3.14036972061135	1	CGGCGGCGACAAGAAGCTGG	20	0.357142857142857
307	56	24	4.10228450321182	1	GGCGGCGACAAGAAGCTGGA	10	0.178571428571429
308	56	24	4.10228450321182	1	GCGGCGACAAGAAGCTGGAG	10	0.178571428571429
309	56	27	4.36057724333164	1	CGGCGACAAGAAGCTGGAGA	8	0.142857142857143
310	56	30	4.49468036840891	1	GGCGACAAGAAGCTGGAGAA	8	0.142857142857143
311	56	30	4.49468036840891	1	GCGACAAGAAGCTGGCCAAG	8	0.142857142857143
312	56	35	4.91674236882676	1	CGACAAGAAGCTGGAGAAGA	5	0.0892857142857143
313	56	36	4.98120023444171	1	GACAAGAAGCTGGCCAAGAT	4	0.0714285714285714
314	56	37	5.03914867190307	1	ACAAGAAGCTGGAGAAGATC	4	0.0714285714285714
315	56	40	5.17325179698034	1	CAAGAAGCTGGAGAAGATCA	4	0.0714285714285714
316	56	40	5.17325179698034	1	AAGAAGCTGGAGAAGATCAT	4	0.0714285714285714
317	56	41	5.24468036840891	1	AGAAGCTGCTGCAGAGCATC	3	0.0535714285714286
318	56	43	5.32958907380469	1	GAAGCTGCTGCAGAGCATCA	3	0.0535714285714286
319	56	44	5.36530335951897	1	AAGCTGCTGCAGAGCATCAT	3	0.0535714285714286
320	56	45	5.40101764523326	1	AGCTGCTGCAGAGCATCATC	3	0.0535714285714286
321	56	45	5.40101764523326	1	GCTGCTGCAGAGCATCATCG	3	0.0535714285714286
322	56	45	5.40101764523326	1	CTGCTGCAGAGCATCATCGA	3	0.0535714285714286
323	56	45	5.40101764523326	1	TGCTGCAGAGCATCATCGAG	3	0.0535714285714286
324	56	48	5.50816050237612	1	GCTGCAGAGCATCATCGAGG	3	0.0535714285714286
325	56	48	5.50816050237612	1	CTGCAGAGCATCATCGAGGC	3	0.0535714285714286
326	56	48	5.50816050237612	1	TGCAGAGCATCATCGAGGCC	3	0.0535714285714286
327	56	52	5.65101764523326	1	GCAGAGCATCATCGAGGCCA	3	0.0535714285714286
328	56	51	5.62878349348618	1	AAGGCCATCGACGAGGTGGT	2	0.0357142857142857
329	56	50	5.59306920777189	1	AGGCCATCGACGAGGTGGTG	2	0.0357142857142857
330	56	52	5.66449777920046	1	GATCATCGACGAGATCGAGG	2	0.0357142857142857
331	56	52	5.66449777920047	1	GCCTGCCTGGAGGCCGCCGC	2	0.0357142857142857
332	56	52	5.66449777920047	1	CCTGCCTGGAGGCCGCCGCC	2	0.0357142857142857
333	56	52	5.66449777920046	1	CATCGACGAGATCGAGGAGC	2	0.0357142857142857
334	56	51	5.61530335951897	1	ATCGACGAGATCGAGGAGCT	3	0.0535714285714286
335	56	51	5.61530335951898	1	TCGACGAGATCGAGGAGCTG	3	0.0535714285714286
336	56	51	5.61530335951898	1	CGACGAGATCGAGGAGCTGT	3	0.0535714285714286
337	56	50	5.57958907380469	1	GACGAGATCGAGGAGCTGTT	3	0.0535714285714286
338	56	49	5.5438747880904	1	ACGAGATCGAGGAGCTGTTC	3	0.0535714285714286
339	56	49	5.5438747880904	1	CGAGATCGAGGAGCTGTTCC	3	0.0535714285714286
340	56	47	5.47244621666183	1	GAGATCGAGGAGCTGTTCCC	3	0.0535714285714286
341	56	47	5.47244621666183	1	AGATCGAGGAGCTGTTCCCG	3	0.0535714285714286
342	56	48	5.50816050237612	1	GATCGAGGAGCTGTTCCCGC	3	0.0535714285714286
343	56	48	5.50816050237612	1	ATCGAGGAGCTGTTCCCGCT	3	0.0535714285714286
344	56	48	5.50816050237612	1	TCGAGGAGCTGTTCCCGCTG	3	0.0535714285714286
345	56	13	5.66449777920046	1	GGTGAAGATCTTCAACCCGG	2	0.0357142857142857
346	56	14	5.70021206491475	1	GTGGAGATCTTCCACCCGCG	1	0.0178571428571429
347	56	14	5.70021206491475	1	ACGAGATCTTCAAGCCGAAG	1	0.0178571428571429
348	56	14	5.70021206491475	1	CGCCATCTTCAAGCCGGAGG	1	0.0178571428571429
349	56	14	5.50816050237612	1	GAGATCTTCAAGCCGGAGGC	1	0.0178571428571429
350	56	14	5.38753751126605	1	ACCTGTTCCACCCGAAGGCC	1	0.0178571428571429
351	56	14	5.24912054832832	1	CCTGTTCCACCCGAAGGCCA	1	0.0178571428571429
352	56	11	4.78914867190307	1	ATCTTCAAGCCGAAGGCCAT	2	0.0357142857142857
353	56	11	4.61341556780765	1	TCTTCAAGCCGGAGGCCATC	2	0.0357142857142857
354	56	12	4.68484413923622	1	CTTCAAGCCGGAGGCCATCA	2	0.0357142857142857
355	56	13	4.87775034329029	1	TTCAAGCCGAAGGCCATCGC	2	0.0357142857142857
356	56	13	4.87775034329029	1	TCAAGCCGAAGGCCATCGCC	2	0.0357142857142857
357	56	14	5.26513120818974	1	CCACCCGAAGGCCATCAGCA	1	0.0178571428571429
358	56	14	5.26513120818974	1	CACCCGAAGGCCATCGCCAT	1	0.0178571428571429
359	56	14	5.26513120818974	1	ACCCGCACACCATCGCCATC	1	0.0178571428571429
360	56	14	5.26513120818975	1	GCCGAACGCCATCACCGTGA	1	0.0178571428571429
361	56	14	5.32307964565111	1	CCGGAGGCCATCAGCGTGCA	1	0.0178571428571429
362	56	14	5.25165107422254	1	CGGAGGCCATCAGCGTGCAC	1	0.0178571428571429
363	56	14	5.30084549390403	1	GGAGGCCATCAGCGTGCACG	1	0.0178571428571429
364	56	43	5.25165107422254	1	AAGGGCATCACCATCCAGAG	5	0.0892857142857143
365	56	41	5.16674236882676	1	AGGGCATCACCATCCAGAGC	5	0.0892857142857143
366	56	40	5.11754794914527	1	GGGCATCACCATCCAGAGCG	5	0.0892857142857143
367	56	36	4.8879987889261	1	GGCATCACCATCCAGAGCGA	5	0.0892857142857143
368	56	35	4.85228450321182	1	GCATCACCATCCAGAGCGAG	5	0.0892857142857143
369	56	35	4.85228450321182	1	CATCACCATCCAGAGCGAGT	5	0.0892857142857143
370	56	35	4.85228450321182	1	ATCACCATCCAGAGCGAGTG	5	0.0892857142857143
371	56	35	4.85228450321182	1	TCAGCATCCAGAGCGAGTGC	5	0.0892857142857143
372	56	34	4.78263924374949	1	CACCATCCAGAGCGAGTGCC	6	0.107142857142857
373	56	28	4.3879987889261	1	AGCATCCAGAGCGAGTGCCC	8	0.142857142857143
374	56	28	4.38799878892611	1	GCATCCAGAGCGAGTGCCCG	8	0.142857142857143
375	56	26	4.20689683446046	1	CATCCAGAGCGAGTGCCCGA	10	0.178571428571429
376	56	25	4.17118254874617	1	ATCCAGAGCGAGTGCCCGAT	10	0.178571428571429
377	56	25	4.17118254874617	1	TCCAGAGCGAGTGCCCGATC	10	0.178571428571429
378	56	24	4.0997539773176	1	CCAGAGCGAGTGCCCGATCG	10	0.178571428571429
379	56	20	3.66715141709589	1	CAGAGCGAGTGCCCGATCGG	17	0.303571428571429
380	56	17	3.46680711443743	1	AGAGCGAGTGCCCGATCGGC	17	0.303571428571429
381	56	10	2.8221444941216	1	GAGCGAGTGCCCGATCGGCC	18	0.321428571428571
382	56	10	2.8221444941216	1	AGCGAGTGCCCGATCGGCCT	18	0.321428571428571
383	56	8	2.63050520990983	1	GCGAGTGCCCGATCGGCCTG	18	0.321428571428571
384	56	7	2.41472506776817	1	CGAGTGCCCGATCGGCCTGA	18	0.321428571428571
385	56	7	2.41472506776817	1	GAGTGCCCGATCGGCCTGAT	18	0.321428571428571
386	56	7	2.41472506776817	1	AGTGCCCGATCGGCCTGATC	18	0.321428571428571
387	56	6	2.3432964963396	1	GTGCCCGATCGGCCTGATCG	18	0.321428571428571
388	56	5	1.9233527434891	1	TGCCCGGTGGGCCTGATCGG	24	0.428571428571429
389	56	5	1.9233527434891	1	GCCCGGTGGGCCTGATCGGC	24	0.428571428571429
390	56	5	1.9233527434891	1	CCCGGTGGGCCTGATCGGCG	24	0.428571428571429
391	56	5	1.9233527434891	1	CCGGTGGGCCTGATCGGCGA	24	0.428571428571429
392	56	6	2.02284884571599	1	CGGTGGGCCTGATCGGCGAC	24	0.428571428571429
393	56	8	2.18868735424819	1	GGTGGGCCTGATCGGCGACG	24	0.428571428571429
394	56	7	2.13073891678682	1	GTGGGCCTGATCGGCGACGA	24	0.428571428571429
395	56	7	2.13073891678682	1	TGGGCCTGATCGGCGACGAC	24	0.428571428571429
396	56	12	2.61215812714362	1	CGGCCTGATCGGCGACGACA	19	0.339285714285714
397	56	9	1.80420968968225	1	GGCCTGATCGGCGACGACAT	38	0.678571428571429
398	56	9	1.80420968968225	1	GCCTGATCGGCGACGACATC	38	0.678571428571429
399	56	11	2.59724705520639	1	CCTGATCGGCGACGACATCG	27	0.482142857142857
400	56	14	2.82627476804209	1	CTGATCGGCGACGACATCGA	26	0.464285714285714
401	56	17	2.99787549079989	1	TGATCGGCGACGACATCGAG	26	0.464285714285714
402	56	22	3.63107131109049	1	GATCGGCGACGACATCGAGG	19	0.339285714285714
403	56	22	3.63107131109049	1	ATCGGCGACGACATCGAGGC	19	0.339285714285714
404	56	22	3.63107131109049	1	TCGGCGACGACATCGAGGCC	19	0.339285714285714
405	56	22	3.63107131109049	1	CGGCGACGACATCGAGGCCG	19	0.339285714285714
406	56	22	3.63107131109049	1	GGCGACGACATCGAGGCCGT	19	0.339285714285714
407	56	22	3.63107131109049	1	GCGACGACATCGAGGCCGTG	19	0.339285714285714
408	56	25	4.11328311061799	1	CGACGACATCGAGGCCGTGA	10	0.178571428571429
409	56	26	4.14899739633228	1	GACGACATCGAGGCCGTGAG	10	0.178571428571429
410	56	26	4.14899739633228	1	ACGACATCGAGGCCGTGAGC	10	0.178571428571429
411	56	29	4.51915910978229	1	CGACATCGAGGCCGTGGCCA	6	0.107142857142857
412	56	28	4.46121067232092	1	GACATCGAGGCCGTGGCCAA	6	0.107142857142857
413	56	28	4.46121067232092	1	ACATCGAGGCCGTGGCCAAG	6	0.107142857142857
414	56	37	5.01691452015599	1	CATCGAGGCCGTGGCCCGCA	4	0.0714285714285714
415	56	42	5.24468036840891	1	ATCGAGGCCGTGGCCAAGAA	4	0.0714285714285714
416	56	42	5.24468036840891	1	TCGAGGCCGTGGCCAAGAAG	4	0.0714285714285714
417	56	43	5.2803946541232	1	CGAGGCCGTGGCCAAGAAGA	4	0.0714285714285714
418	56	45	5.37405737729885	1	CGCGACGTGGCCAAGCAGGC	3	0.0535714285714286
419	56	45	5.37405737729885	1	AGGCCGTGGCCAAGAAGAAG	3	0.0535714285714286
420	56	48	5.50816050237612	1	CGACGTGGCCAAGCAGGCCG	3	0.0535714285714286
421	56	50	5.57958907380469	1	GACGTGGCCAAGCAGGCCGA	3	0.0535714285714286
422	56	50	5.57958907380469	1	ACGTGGCCAAGCAGGCCGAG	3	0.0535714285714286
423	56	50	5.57958907380469	1	CGTGGCCAAGCAGGCCGAGG	3	0.0535714285714286
424	56	50	5.57958907380469	1	GTGGCCAAGCAGGCCGAGGC	3	0.0535714285714286
425	56	50	5.57958907380469	1	TGGCCAAGCAGGCCGAGGCC	3	0.0535714285714286
426	56	51	5.61530335951898	1	GGCCAAGCAGGCCGAGGCCA	3	0.0535714285714286
427	56	51	5.61530335951897	1	GCCAAGCAGGCCGAGGCCAT	3	0.0535714285714286
428	56	51	5.61530335951897	1	CCAAGCAGGCCGAGGCCATC	3	0.0535714285714286
429	56	46	5.61530335951898	1	CAAGCAGGCCGAGGCCATCA	3	0.0535714285714286
430	56	46	5.65101764523326	1	AAGCAGGCCGAGGCCATCAT	3	0.0535714285714286
431	56	46	5.65101764523326	1	AGCAGGCCGAGGCCATCATC	3	0.0535714285714286
432	56	47	5.68673193094755	1	GCAGGCCGAGGCCATCATCG	3	0.0535714285714286
433	56	46	5.65101764523326	1	CAGGCCGAGGCCATCATCGG	3	0.0535714285714286
434	56	46	5.61530335951897	1	AGGCCGAGGCCATCATCGGC	3	0.0535714285714286
435	56	43	5.61530335951897	1	GGCCGAGGCCATCATCGGCA	3	0.0535714285714286
436	56	43	5.61530335951897	1	GCCGAGGCCATCATCGGCAA	3	0.0535714285714286
437	56	43	5.61530335951898	1	CCGAGGCCATCATCGGCAAG	3	0.0535714285714286
438	56	44	5.65101764523326	1	CGAGGCCATCATCGGCAAGC	3	0.0535714285714286
439	56	44	5.65101764523326	1	GAGGCCATCATCGGCAAGCC	3	0.0535714285714286
440	56	44	5.65101764523326	1	AGGCCATCATCGGCAAGCCG	3	0.0535714285714286
441	56	44	5.65101764523326	1	GGCCATCATCGGCAAGCCGG	3	0.0535714285714286
442	56	44	5.65101764523326	1	GCCATCATCGGCAAGCCGGT	3	0.0535714285714286
443	56	41	5.5303946541232	1	AGAAGATCGGCAAGCCGGTG	3	0.0535714285714286
444	56	42	5.57958907380469	1	CATCATCGGCAAGCCGGTGG	3	0.0535714285714286
445	56	41	5.5438747880904	1	ATCATCGGCAAGCCGGTGGT	3	0.0535714285714286
446	56	40	5.49468036840891	1	AGATCGGCAAGCCGGTGGTG	3	0.0535714285714286
447	56	40	5.49468036840891	1	GATCGGCAAGCCGGTGGTGC	3	0.0535714285714286
448	56	44	5.44548594872742	1	GGCGGCAAGACCATCGTGCC	3	0.0535714285714286
449	56	42	5.35182322555177	1	GCGGCAAGACCATCGTGCCG	4	0.0714285714285714
450	56	41	5.25343438618879	1	CGGCAAGACCATCGTGCCGG	6	0.107142857142857
451	56	40	5.179475288866	1	GGCAAGACCATCGTGCCGGT	7	0.125
452	56	39	5.10182322555177	1	GCAAGACCATCGTGCCGGTG	8	0.142857142857143
453	56	37	5.0303946541232	1	CAAGACCATCGTGCCGGTGC	8	0.142857142857143
454	56	35	4.87405737729885	1	AAGACCATCGTGCCGGTGCG	8	0.142857142857143
455	56	35	4.87405737729885	1	AGACCATCGTGCCGGTGCGC	8	0.142857142857143
456	56	37	4.92325179698034	1	GACCATCGTGCCGGTGCGCT	8	0.142857142857143
457	56	32	4.66379956460568	1	ACCATCGTGCCGGTGCGCTG	9	0.160714285714286
458	56	32	4.66379956460568	1	CCATCGTGCCGGTGCGCTGC	9	0.160714285714286
459	56	31	4.59934169899074	1	CATCGTGCCGGTGCGCTGCG	9	0.160714285714286
460	56	27	4.30055955763611	1	ATCGTGCCGGTGCGCTGCGA	10	0.178571428571429
461	56	27	4.30055955763611	1	TCGTGCCGGTGCGCTGCGAG	10	0.178571428571429
462	56	27	4.30055955763611	1	CGTGCCGGTGCGCTGCGAGG	10	0.178571428571429
463	56	23	3.76956815805142	1	GTGCCGGTGCGCTGCGAGGG	17	0.303571428571429
464	56	22	3.73385387233713	1	TGCCGGTGCGCTGCGAGGGC	17	0.303571428571429
465	56	21	3.65989477501434	1	GCCGGTGCGCTGCGAGGGCT	17	0.303571428571429
466	56	20	3.28666714534204	1	CCGGTGCGCTGCGAGGGCTT	24	0.428571428571429
467	56	20	3.28666714534204	1	CGGTGCGCTGCGAGGGCTTC	24	0.428571428571429
468	56	20	3.28666714534204	1	GGTGCGCTGCGAGGGCTTCC	24	0.428571428571429
469	56	20	3.28666714534204	1	GTGCGCTGCGAGGGCTTCCG	24	0.428571428571429
470	56	17	3.0935922841059	1	TGCGCTGCGAGGGCTTCCGC	25	0.446428571428571
471	56	17	3.0935922841059	1	GCGCTGCGAGGGCTTCCGCG	25	0.446428571428571
472	56	17	3.0935922841059	1	CGCTGCGAGGGCTTCCGCGG	25	0.446428571428571
473	56	15	2.96421527521596	1	GCTGCGAGGGCTTCCGCGGC	25	0.446428571428571
474	56	14	2.80493519417054	1	CTGCGAGGGCTTCCGCGGCG	25	0.446428571428571
475	56	12	2.53751530577878	1	TGCGAGGGCTTCCGCGGCGT	27	0.482142857142857
476	56	12	2.53751530577878	1	GCGAGGGCTTCCGCGGCGTG	27	0.482142857142857
477	56	11	2.50180102006449	1	CGAGGGCTTCCGCGGCGTGA	27	0.482142857142857
478	56	11	2.50180102006449	1	GAGGGCTTCCGCGGCGTGAG	27	0.482142857142857
479	56	11	2.50180102006449	1	AGGGCTTCCGCGGCGTGAGC	27	0.482142857142857
480	56	11	2.50180102006449	1	GGGCTTCCGCGGCGTGAGCC	27	0.482142857142857
481	56	11	2.50180102006449	1	GGCTTCCGCGGCGTGAGCCA	27	0.482142857142857
482	56	11	2.50180102006449	1	GCTTCCGCGGCGTGAGCCAG	27	0.482142857142857
483	56	11	2.50180102006449	1	CTTCCGCGGCGTGAGCCAGA	27	0.482142857142857
484	56	11	2.50180102006449	1	TTCCGCGGCGTGAGCCAGAG	27	0.482142857142857
485	56	11	2.50180102006449	1	TCCGCGGCGTGAGCCAGAGC	27	0.482142857142857
486	56	11	2.63627727563382	1	CCGCGGCGTGAGCCAGAGCC	25	0.446428571428571
487	56	11	2.63627727563382	1	CGCGGCGTGAGCCAGAGCCT	25	0.446428571428571
488	56	10	2.58708285595233	1	GCGGCGTGAGCCAGAGCCTG	25	0.446428571428571
489	56	9	2.5003908385903	1	CGGCGTGAGCCAGAGCCTGG	25	0.446428571428571
490	56	7	2.23541627676715	1	GGCGTGAGCCAGAGCCTGGG	25	0.446428571428571
491	56	7	2.23541627676715	1	GCGTGAGCCAGAGCCTGGGC	25	0.446428571428571
492	56	7	2.23541627676715	1	CGTGAGCCAGAGCCTGGGCC	25	0.446428571428571
493	56	7	2.23541627676715	1	GTGAGCCAGAGCCTGGGCCA	25	0.446428571428571
494	56	7	2.23541627676715	1	TGAGCCAGAGCCTGGGCCAC	25	0.446428571428571
495	56	7	2.23541627676715	1	GAGCCAGAGCCTGGGCCACC	25	0.446428571428571
496	56	5	1.85344989115142	1	AGCCAGAGCCTGGGCCACCA	28	0.5
497	56	6	1.90264431083291	1	GCCAGAGCCTGGGCCACCAC	28	0.5
498	56	6	1.94711261432707	1	CCAGAGCCTGGGCCACCACA	28	0.5
499	56	7	2.0167578737894	1	CAGAGCCTGGGCCACCACAT	28	0.5
500	56	7	2.0167578737894	1	AGAGCCTGGGCCACCACATC	28	0.5
501	56	10	2.40701699952495	1	GAGCCTGGGCCACCACATCG	25	0.446428571428571
502	56	11	2.45621141920644	1	AGCCTGGGCCACCACATCGC	25	0.446428571428571
503	56	11	2.45621141920644	1	GCCTGGGCCACCACATCGCC	25	0.446428571428571
504	56	12	2.56437757504681	1	CCTGGGCCACCACATCGCCA	24	0.428571428571429
505	56	13	2.71229576969239	1	CTGGGCCACCACATCGCCAA	24	0.428571428571429
506	56	13	2.71229576969239	1	TGGGCCACCACATCGCCAAC	24	0.428571428571429
507	56	13	2.71229576969239	1	GGGCCACCACATCGCCAACG	24	0.428571428571429
508	56	13	2.71229576969239	1	GGCCACCACATCGCCAACGA	24	0.428571428571429
509	56	13	2.71229576969239	1	GCCACCACATCGCCAACGAC	24	0.428571428571429
510	56	17	3.45188478200521	1	CCACCACATCGCCAACGACG	14	0.25
511	56	23	4.08784458701229	1	CACCACATCGCCAACGACGC	11	0.196428571428571
512	56	25	4.19498744415514	1	ACCACATCGCCAACGACGCC	11	0.196428571428571
513	56	34	4.86754794914527	1	CCACATCGCCAACGACGCCA	5	0.0892857142857143
514	56	34	4.86754794914527	1	CACATCGCCAACGACGCCAT	5	0.0892857142857143
515	56	35	4.93897652057384	1	ACATCGCCAACGACGCCATC	5	0.0892857142857143
516	56	35	4.93897652057384	1	CATCGCCAACGACGCCATCC	5	0.0892857142857143
517	56	35	4.93897652057384	1	ATCGCCAACGACGCCATCCG	5	0.0892857142857143
518	56	35	4.93897652057384	1	TCGCCAACGACGCCATCCGC	5	0.0892857142857143
519	56	36	4.97469080628813	1	CGCCAACGACGCCATCCGCG	5	0.0892857142857143
520	56	36	4.97469080628813	1	GCCAACGACGCCATCCGCGA	5	0.0892857142857143
521	56	35	4.97469080628813	1	CCAACGACGCCATCCGCGAC	5	0.0892857142857143
522	56	36	5.03442255571574	1	CAACGACGCCGTGCGCGACT	3	0.0535714285714286
523	56	38	5.13281139507872	1	AACACCGAGTTCTACCGCTG	3	0.0535714285714286
524	56	38	5.13281139507872	1	ACGACGCCCTGCGCGACTGG	3	0.0535714285714286
525	56	41	5.25343438618879	1	CACCGAGTTCTACCGCTGGC	3	0.0535714285714286
526	56	41	5.25343438618879	1	GACGCCGTGCGCGACTGGGT	3	0.0535714285714286
527	56	41	5.25343438618879	1	CCGAGTTCTACCGCTGGCTG	3	0.0535714285714286
528	56	44	5.40101764523326	1	GACCATCTTCCGCCAGCTGG	3	0.0535714285714286
529	56	44	5.40101764523326	1	ACCATCTTCCGCCAGCTGGT	3	0.0535714285714286
530	56	39	5.19548594872742	1	CCATCCGCGACTGGGTGTTC	3	0.0535714285714286
531	56	40	5.20896608269462	1	GTTCTACCGCTGGCTGAAGA	4	0.0714285714285714
532	56	39	5.13753751126605	1	TTCTACCGCTGGCTGAAGAA	4	0.0714285714285714
533	56	40	5.18673193094754	1	TGCGCGACTGGATCTACGAG	4	0.0714285714285714
534	56	45	5.40101764523326	1	GCGCGACTGGATCTACGAGA	4	0.0714285714285714
554	56	5	5.50816050237612	1	CGCCAGCCCGAGCCCGTACC	1	0.0178571428571429
555	56	5	5.49289705644266	1	AGCCGCGAGGGCAAGTACCG	1	0.0178571428571429
556	56	5	5.45718277072838	1	TGCGCGAGGGCAAGTTCCGC	1	0.0178571428571429
557	56	5	5.47244621666183	1	CAGCCCGAGCCCGTACCGCG	1	0.0178571428571429
558	56	5	5.37878349348618	1	AAGCCGGGCAAGTTCAAGCT	1	0.0178571428571429
559	56	5	5.27861134215695	1	GCCCGAGCCCGTACCGCGTG	1	0.0178571428571429
560	56	5	5.36530335951897	1	CCCGAGCCCGTACCGCGTGA	1	0.0178571428571429
561	56	5	5.36530335951897	1	GAGGGCAAGTTCCGCATCAA	1	0.0178571428571429
562	56	5	5.32958907380469	1	AGGGCAAGTTCCGCATCAAC	1	0.0178571428571429
563	56	5	5.40101764523326	1	CGCCGAGTTCCGCATCAACA	1	0.0178571428571429
564	56	5	5.2938747880904	1	GGCAAGTTCCGCATCAACCT	1	0.0178571428571429
565	56	5	5.14629152904593	1	GCAAGTTCAAGCTGAACCTG	1	0.0178571428571429
566	56	5	5.16674236882676	1	CAAGTACCGCATCAACCTGC	1	0.0178571428571429
567	56	33	4.8802808691845	1	CCGTACGACGTGGCCATCAT	7	0.125
568	56	37	4.93822930664587	1	CGTACGACGTGGCCATCATC	7	0.125
569	56	36	4.90251502093159	1	GTACGACGTGGCCATCATCG	7	0.125
570	56	34	4.6871932086076	1	TACGACGTGGCCATCATCGG	10	0.178571428571429
571	56	32	4.60228450321182	1	ACGACGTGGCCATCATCGGC	10	0.178571428571429
572	56	31	4.56657021749753	1	CGACGTGGCCATCATCGGCG	10	0.178571428571429
573	56	31	4.56657021749753	1	GACGTGGCCATCATCGGCGA	10	0.178571428571429
574	56	32	4.61576463717902	1	ACGTGGCCATCATCGGCGAC	10	0.178571428571429
575	56	32	4.61576463717902	1	CGTGGCCATCATCGGCGACT	10	0.178571428571429
576	56	31	4.58005035146474	1	GTGGCCATCATCGGCGACTA	10	0.178571428571429
577	56	30	4.53085593178325	1	TGGCCATCATCGGCGACTAC	10	0.178571428571429
578	56	30	4.53085593178325	1	GGCCATCATCGGCGACTACA	10	0.178571428571429
579	56	25	4.15119298662539	1	GCCATCATCGGCGACTACAA	10	0.178571428571429
580	56	25	4.15119298662539	1	CCATCATCGGCGACTACAAC	10	0.178571428571429
581	56	20	3.64070465621246	1	CATCATCGGCGACTACAACA	15	0.267857142857143
582	56	19	3.60499037049817	1	ATCATCGGCGACTACAACAT	15	0.267857142857143
583	56	18	3.525843879328	1	TCATCGGCGACTACAACATC	15	0.267857142857143
584	56	19	3.67758749715467	1	CATCGGCGACTACAACATCG	13	0.232142857142857
585	56	16	3.11999224879408	1	ATCGGCGACTACAACATCGG	20	0.357142857142857
586	56	13	2.93292837008032	1	TCGGCGACTACAACATCGGC	20	0.357142857142857
587	56	12	2.84623635271829	1	CGGCGACTACAACATCGGCG	20	0.357142857142857
588	56	7	2.18120685678803	1	GGCGACTACAACATCGGCGG	25	0.446428571428571
589	56	7	2.18120685678803	1	GCGACTACAACATCGGCGGC	25	0.446428571428571
590	56	6	1.99753618153722	1	CGACTACAACATCGGCGGCG	27	0.482142857142857
591	56	6	1.99753618153722	1	GACTACAACATCGGCGGCGA	27	0.482142857142857
592	56	7	2.1077242152291	1	ACTACAACATCGGCGGCGAC	26	0.464285714285714
593	56	12	2.58360772592958	1	CTACAACATCGGCGGCGACG	26	0.464285714285714
594	56	12	2.27176051828679	1	TACAACATCGGCGGCGACGC	34	0.607142857142857
595	56	12	2.27176051828679	1	ACAACATCGGCGGCGACGCC	34	0.607142857142857
596	56	13	2.32095493796828	1	CAACATCGGCGGCGACGCCT	34	0.607142857142857
597	56	16	2.78688864767921	1	AACATCGGCGGCGACGCCTG	29	0.517857142857143
598	56	16	2.78688864767921	1	ACATCGGCGGCGACGCCTGG	29	0.517857142857143
599	56	18	3.3915654128586	1	CATCGGCGGCGACGCCTGGG	16	0.285714285714286
600	56	21	3.7392560376268	1	ATCGGCGGCGACGCCTGGAG	12	0.214285714285714
601	56	21	3.7392560376268	1	TCGGCGGCGACGCCTGGAGC	12	0.214285714285714
602	56	23	3.82416474302258	1	CGGCGGCGACGCCTGGGCCA	12	0.214285714285714
603	56	25	4.00151482172413	1	GGCGGCGACGCCTGGGCCAG	11	0.196428571428571
604	56	25	4.00151482172413	1	GCGGCGACGCCTGGAGCAGC	11	0.196428571428571
605	56	27	4.20328018427497	1	CGGCGACGCCTGGAGCAGCC	11	0.196428571428571
606	56	28	4.25247460395646	1	GGCGACGCCTGGAGCAGCCG	11	0.196428571428571
607	56	30	4.35086344331944	1	GCGACGCCTGGAGCAGCCGC	11	0.196428571428571
608	56	31	4.4371932086076	1	CGACGCCTGGAGCAGCCGCA	10	0.178571428571429
609	56	33	4.59859448506277	1	GACGCCTGGAGCAGCCGCAT	9	0.160714285714286
610	56	34	4.67255358238556	1	ACGCCTGGAGCAGCCGCATC	9	0.160714285714286
611	56	36	4.75746228778134	1	CGCCTGGAGCAGCCGCATCC	9	0.160714285714286
612	56	35	4.72174800206705	1	GCCTGGAGCAGCCGCATCCT	9	0.160714285714286
613	56	34	4.68603371635276	1	CCTGGAGCAGCCGCATCCTG	9	0.160714285714286
614	56	34	4.68603371635276	1	CTGGAGCAGCCGCATCCTGC	9	0.160714285714286
615	56	34	4.68603371635276	1	TGGAGCAGCCGCATCCTGCT	9	0.160714285714286
616	56	34	4.68603371635276	1	GGAGCAGCCGCATCCTGCTG	9	0.160714285714286
617	56	35	4.72174800206705	1	GAGCAGCCGCATCCTGCTGG	9	0.160714285714286
618	56	34	4.67255358238556	1	AGCAGCCGCATCCTGCTGGA	9	0.160714285714286
619	56	34	4.65907344841835	1	GCAGCCGCATCCTGCTGGAG	9	0.160714285714286
620	56	32	4.34104895887091	1	CAGCCGCATCCTGCTGGAGG	15	0.267857142857143
621	56	33	4.39899739633228	1	AGCCGCATCCTGCTGGAGGA	15	0.267857142857143
622	56	34	4.44819181601377	1	GCCGCATCCTGCTGGAGGAG	15	0.267857142857143
623	56	34	4.46167194998098	1	CCGCATCCTGCTGGAGGAGA	15	0.267857142857143
624	56	34	4.46167194998098	1	CGCATCCTGCTGGAGGAGAT	15	0.267857142857143
625	56	35	4.65504554682581	1	GCATCCTGCTGGAGGAGATG	12	0.214285714285714
626	56	34	4.60585112714431	1	CATCCTGCTGGAGGAGATGG	12	0.214285714285714
627	56	33	4.54790268968295	1	ATCCTGCTGGAGGAGATGGG	12	0.214285714285714
628	56	33	4.54790268968295	1	TCCTGCTGGAGGAGATGGGC	12	0.214285714285714
629	56	33	4.57013684143003	1	CCTGCTGGAGGAGATGGGCC	12	0.214285714285714
630	56	29	4.2989577021927	1	CTGCTGGAGGAGATGGGCCT	13	0.232142857142857
631	56	28	4.24976328251121	1	TGCTGGAGGAGATGGGCCTG	13	0.232142857142857
632	56	33	4.51502672844467	1	GCTGGAGGAGATGGGCCTGC	13	0.232142857142857
633	56	33	4.45793293249873	1	CTGGAGGAGATGGGCCTGCG	14	0.25
634	56	34	4.50712735218022	1	TGGAGGAGATGGGCCTGCGC	14	0.25
635	56	37	4.72647411825438	1	GGAGGAGATGGGCCTGCGCG	12	0.214285714285714
636	56	37	4.72647411825438	1	GAGGAGATGGGCCTGCGCGT	12	0.214285714285714
637	56	36	4.69075983254009	1	AGGAGATGGGCCTGCGCGTG	12	0.214285714285714
638	56	41	5.0438747880904	1	GGAGATGGGCCTGCGCGTGA	8	0.142857142857143
639	56	42	5.07958907380469	1	GAGATGGGCCTGCGCGTGAT	8	0.142857142857143
640	56	41	5.0303946541232	1	AGATGGGCCTGCGCGTGATC	8	0.142857142857143
641	56	44	5.18673193094754	1	GATGGGCCTGCGCGTGATCG	8	0.142857142857143
642	56	42	5.18200581476022	1	ATGGGCCTGCGCGTGATCGC	6	0.107142857142857
643	56	42	5.18200581476022	1	TGGGCCTGCGCGTGATCGCC	6	0.107142857142857
644	56	43	5.2177201004745	1	GGGCCTGCGCGTGATCGCCC	6	0.107142857142857
645	56	43	5.20896608269463	1	GGCCTGCGCGTGATCGCCCA	6	0.107142857142857
646	56	43	5.20896608269463	1	GCCTGCGCGTGATCGCCCAG	6	0.107142857142857
647	56	45	5.31432562787124	1	CCTGCGCGTGATCGCCCAGT	5	0.0892857142857143
648	56	46	5.35003991358552	1	CTGCGCGTGATCGCCCAGTG	5	0.0892857142857143
649	56	46	5.35003991358552	1	TGCGCGTGATCGCCCAGTGG	5	0.0892857142857143
650	56	46	5.35003991358552	1	GCGCGTGATCGCCCAGTGGA	5	0.0892857142857143
651	56	45	5.31432562787124	1	CGCGTGATCGCCCAGTGGAG	5	0.0892857142857143
652	56	45	5.31432562787124	1	GCGTGATCGCCCAGTGGAGC	5	0.0892857142857143
653	56	42	5.17325179698034	1	CGTGATCGCCCAGTGGAGCG	6	0.107142857142857
654	56	39	5.06610893983748	1	GTGATCGCCCAGTGGAGCGG	6	0.107142857142857
655	56	38	5.01691452015599	1	TGATCGCCCAGTGGAGCGGC	6	0.107142857142857
656	56	37	4.98120023444171	1	GATCGCCCAGTGGAGCGGCG	6	0.107142857142857
657	56	36	4.88281139507872	1	GTGGCCCAGTGGAGCGGCGA	6	0.107142857142857
658	56	35	4.84709710936444	1	TCGCCCAGTGGAGCGGCGAC	6	0.107142857142857
659	56	36	4.88281139507872	1	CGCCCAGTGGAGCGGCGACG	6	0.107142857142857
660	56	35	4.7214864344295	1	GCCCAGTGGAGCGGCGACGG	11	0.196428571428571
661	56	32	4.53442255571574	1	CCCAGTGGAGCGGCGACGGC	12	0.214285714285714
662	56	36	4.70423996650729	1	CCAGTGGAGCGGCGACGGCA	12	0.214285714285714
663	56	38	4.94992612864683	1	CAGTGGAGCGGCGACGGCAC	7	0.125
664	56	37	4.91421184293254	1	AGTGGAGCGGCGACGGCACC	7	0.125
665	56	41	5.15798835104689	1	GTGGAGCGGCGACGGCACCC	5	0.0892857142857143
666	56	42	5.19370263676117	1	TGGAGCGGCGACGGCACCCT	5	0.0892857142857143
667	56	41	5.15798835104689	1	GGAGCGGCGACGGCACCCTG	5	0.0892857142857143
668	56	45	5.37878349348618	1	GAGCGGCGACGCCACCCTGG	4	0.0714285714285714
669	56	45	5.37878349348618	1	AGCGGCGACGCCACCCTGGC	4	0.0714285714285714
670	56	45	5.37878349348618	1	GCGGCGACGCCACCCTGGCC	4	0.0714285714285714
671	56	45	5.37878349348618	1	CGGCGACGCCACCCTGGCCG	4	0.0714285714285714
672	56	45	5.37878349348618	1	GGCGACGCCACCCTGGCCGA	4	0.0714285714285714
673	56	45	5.37878349348618	1	GCGACGCCACCCTGGCCGAG	4	0.0714285714285714
674	56	46	5.41449777920046	1	CGACGCCACCCTGGCCGAGA	4	0.0714285714285714
675	56	46	5.41449777920046	1	GACGCCACCCTGGCCGAGAT	4	0.0714285714285714
676	56	46	5.41449777920046	1	ACGCCACCCTGGCCGAGATC	4	0.0714285714285714
677	56	47	5.45021206491475	1	CGCCACCCTGGCCGAGATCG	4	0.0714285714285714
678	56	48	5.48592635062904	1	GCCACCCTGGCCGAGATCGA	4	0.0714285714285714
679	56	48	5.48592635062904	1	CCACCCTGGCCGAGATCGAG	4	0.0714285714285714
680	56	50	5.55735492205761	1	GAGCGTGGACGACCTGAAGA	2	0.0357142857142857
681	56	50	5.55735492205761	1	ACCCTGGCCGAGATCGAGCG	4	0.0714285714285714
682	56	50	5.55735492205761	1	CCCTGGCCGAGATCGAGCGC	4	0.0714285714285714
683	56	48	5.48592635062904	1	CCTGGCCGAGATCGAGCGCG	4	0.0714285714285714
684	56	49	5.52164063634332	1	CTGGCCGAGATCGAGCGCGC	4	0.0714285714285714
685	56	48	5.48592635062904	1	TGGCCGAGATCGAGCGCGCC	4	0.0714285714285714
686	56	49	5.52164063634332	1	GGCCGAGATCGAGCGCGCCC	4	0.0714285714285714
687	56	46	5.40101764523326	1	GCCGAGATCGAGCGCGCCCC	4	0.0714285714285714
688	56	45	5.34306920777189	1	ACGACCTGTTCAAGCTGCCG	4	0.0714285714285714
689	56	45	5.34306920777189	1	CGAGATCGAGCGCGCCCCGA	4	0.0714285714285714
690	56	48	5.47244621666183	1	GACCTGTTCAAGCTGCCGGA	4	0.0714285714285714
691	56	48	5.47244621666183	1	ACCTGTTCAAGCTGCCGGAC	4	0.0714285714285714
692	56	48	5.47244621666183	1	CCTGTTCAAGCTGCCGGACG	4	0.0714285714285714
693	56	48	5.47244621666183	1	CTGTTCAAGCTGCCGGACGT	4	0.0714285714285714
694	56	47	5.43673193094754	1	TGTTCAAGCTGCCGGACGTG	4	0.0714285714285714
695	56	48	5.48592635062904	1	GTTCAAGCTGCCGGACGTGA	4	0.0714285714285714
696	56	48	5.48592635062904	1	TTCAAGCTGCCGGACGTGAA	4	0.0714285714285714
697	56	48	5.48592635062904	1	TCAAGCTGCCGGACGTGAAG	4	0.0714285714285714
698	56	49	5.52164063634332	1	CAAGCTGCCGGACGTGAAGC	4	0.0714285714285714
699	56	48	5.47244621666183	1	AAGCTGCCGGACGTGAAGCT	4	0.0714285714285714
700	56	47	5.43673193094755	1	AGCTGCCGGACGTGAAGCTG	4	0.0714285714285714
701	56	47	5.44548594872742	1	CACCCCGAAGGCCAAGCTGA	3	0.0535714285714286
702	56	46	5.39629152904593	1	CTGCCGGACGTGAAGCTGTG	3	0.0535714285714286
703	56	43	5.26691452015599	1	CCCCGAAGGCCAAGCTGAAC	4	0.0714285714285714
704	56	48	5.49468036840891	1	CCCGAAGGCCAAGCTGAACG	3	0.0535714285714286
705	56	48	5.49468036840891	1	CCGGACGTGAAGCTGTGCGT	3	0.0535714285714286
706	56	47	5.45896608269463	1	CGAAGGCCAAGCTGAACGTG	3	0.0535714285714286
707	56	47	5.45896608269463	1	GAAGGCCAAGCTGAACGTGC	3	0.0535714285714286
708	56	44	5.33834309158456	1	AAGGCCAAGCTGAACGTGCT	3	0.0535714285714286
709	56	42	5.2312002344417	1	AGGTGAAGCTGAACCTGATC	4	0.0714285714285714
710	56	38	5.02388522596962	1	GGTGAAGCTGAACCTGATCC	5	0.0892857142857143
711	56	32	4.71299398428717	1	GTGAAGCTGAACCTGATCCA	6	0.107142857142857
712	56	32	4.71299398428717	1	TGAAGCTGAACCTGATCCAC	6	0.107142857142857
713	56	31	4.66379956460568	1	GAAGCTGAACCTGATCCACT	6	0.107142857142857
714	56	28	4.42255358238556	1	AAGCTGAACCTGATCCACTG	9	0.160714285714286
715	56	27	4.38683929667127	1	AGCTGAACCTGATCCACTGC	9	0.160714285714286
716	56	27	4.38683929667127	1	GCTGAACCTGATCCACTGCT	9	0.160714285714286
717	56	22	4.10452909283812	1	CTGAACCTGATCCACTGCTA	10	0.178571428571429
718	56	21	4.01819932754996	1	TGAACCTGATCCACTGCTAC	11	0.196428571428571
719	56	21	4.01819932754996	1	GAACCTGATCCACTGCTACC	11	0.196428571428571
720	56	20	3.96900490786847	1	AACCTGATCCACTGCTACCG	11	0.196428571428571
721	56	20	3.96900490786847	1	ACCTGATCCACTGCTACCGC	11	0.196428571428571
722	56	18	3.73870853372133	1	CCTGATCCACTGCTACCGCA	11	0.196428571428571
723	56	17	3.65003349437056	1	CTGATCCACTGCTACCGCAG	12	0.214285714285714
724	56	13	3.30846188174293	1	TGATCCACTGCTACCGCAGC	13	0.232142857142857
725	56	14	3.39928628044258	1	GATCCACTGCTACCGCAGCA	12	0.214285714285714
726	56	13	3.21097373538619	1	ATCCACTGCTACCGCAGCAT	12	0.214285714285714
727	56	12	3.03712842300209	1	TCCACTGCTACCGCAGCATG	12	0.214285714285714
728	56	13	3.19450179786472	1	GCACTGCTACCGCAGCATGA	12	0.214285714285714
729	56	12	2.86207317243453	1	CACTGCTACCGCAGCATGAA	23	0.410714285714286
730	56	11	2.74617629751179	1	ACTGCTACCGCAGCATGAAC	23	0.410714285714286
731	56	9	2.36352154879966	1	CTGCTACCGCAGCATGAACT	23	0.410714285714286
732	56	9	2.36352154879966	1	TGCTACCGCAGCATGAACTA	23	0.410714285714286
733	56	9	2.36352154879966	1	GCTACCGCAGCATGAACTAC	23	0.410714285714286
734	56	12	2.71601165771876	1	CTACCGCAGCATGAACTACA	23	0.410714285714286
735	56	13	2.85037635043357	1	TACCGCAGCATGAACTACAT	23	0.410714285714286
736	56	15	3.27173286365453	1	ACCGCAGCATGAACTACATC	19	0.339285714285714
737	56	18	3.87157585073782	1	CCGCAGCATGAACTACATCA	8	0.142857142857143
738	56	21	4.06806759319586	1	CGCAGCATGAACTACATCAG	7	0.125
739	56	21	4.06806759319586	1	GCAGCATGAACTACATCAGC	7	0.125
740	56	24	4.27181597773545	1	CAGCATGAACTACATCAGCC	7	0.125
741	56	24	4.27181597773545	1	AGCATGAACTACATCAGCCG	7	0.125
742	56	27	4.39243896884551	1	GCATGAACTACATCAGCCGC	7	0.125
743	56	30	4.65147892289331	1	CATCAACTACATCGCCGAGA	5	0.0892857142857143
744	56	30	4.65147892289331	1	ATCAACTACATCGCCGAGAT	5	0.0892857142857143
745	56	29	4.60228450321182	1	TCAACTACATCGCCGAGATG	5	0.0892857142857143
746	56	31	4.61501742325105	1	CAACTACATCGCCGAGATGA	7	0.125
747	56	30	4.55706898578969	1	AACTACATCGCCGAGATGAT	7	0.125
748	56	32	4.73817094025533	1	ACTACATCAGCCGCCACATG	5	0.0892857142857143
749	56	35	4.86576463717902	1	CTACATCTGCCGCCACATGG	5	0.0892857142857143
750	56	35	4.86576463717902	1	TACATCTGCCGCCACATGGA	5	0.0892857142857143
751	56	35	4.86576463717902	1	ACATCTGCCGCCACATGGAG	5	0.0892857142857143
752	56	36	4.90147892289331	1	CATCTGCCGCCACATGGAGG	5	0.0892857142857143
753	56	36	4.90147892289331	1	ATCAGCCGCCACATGGAGGA	5	0.0892857142857143
754	56	36	4.90147892289331	1	TCAGCCGCCACATGGAGGAG	5	0.0892857142857143
755	56	38	5.00165107422254	1	CAGCCGCCACATGGAGGAGA	5	0.0892857142857143
756	56	39	5.05959951168391	1	AGCCGCCACATGGAGGAGAA	5	0.0892857142857143
757	56	38	4.91379956460568	1	GCCGCCACATGGAGGAGAAG	9	0.160714285714286
758	56	37	4.90977166301314	1	CCGCCACATGGAGGAGAAGT	8	0.142857142857143
759	56	41	5.15977166301314	1	CGCCACATGGAGGAGAAGTA	6	0.107142857142857
760	56	41	5.15977166301313	1	GCCACATGGAGGAGAAGTAC	6	0.107142857142857
761	56	42	5.20896608269462	1	CCACATGGAGGAGAAGTACG	6	0.107142857142857
762	56	41	5.13753751126605	1	CACATGGAGGAGAAGTACGG	6	0.107142857142857
763	56	36	4.89629152904593	1	ACATGGAGGAGAAGTACGGC	6	0.107142857142857
764	56	40	5.17325179698034	1	CATGGAGGAGAAGTACGGCA	4	0.0714285714285714
765	56	38	5.00343438618879	1	ATGGAGGAGAAGTACGGCAT	6	0.107142857142857
766	56	39	5.07307964565111	1	TGGAGGAGAAGTACGGCATC	5	0.0892857142857143
767	56	39	5.07307964565111	1	GGAGGAGAAGTACGGCATCC	5	0.0892857142857143
768	56	37	4.88799878892611	1	GAGGAGAAGTTCGGCATCCC	6	0.107142857142857
769	56	37	4.88799878892611	1	AGGAGAAGTTCGGCATCCCG	6	0.107142857142857
770	56	38	4.92371307464039	1	GGAGAAGTTCGGCATCCCGT	6	0.107142857142857
771	56	38	4.95245665454105	1	GAGAAGTTCGGCATCCCGTG	6	0.107142857142857
772	56	37	4.87849755721826	1	AGAAGTTCGGCATCCCGTGG	7	0.125
773	56	46	5.40977166301314	1	GAAGTTCGGCATCCCGTGGA	3	0.0535714285714286
774	56	42	5.18022250279397	1	AAGTTCGGCATCCCGTGGAT	5	0.0892857142857143
775	56	42	5.24468036840891	1	AGTTCGGCATCCCGTGGATC	4	0.0714285714285714
776	56	45	5.38753751126605	1	GTTCGGCATCCCGTGGATCG	3	0.0535714285714286
777	56	43	5.30262880587028	1	TTCGGCATCCCGTGGGTGGA	3	0.0535714285714286
778	56	40	5.19548594872742	1	ACGGCATCCCGTGGCTGGAG	3	0.0535714285714286
779	56	38	5.07307964565111	1	CGGCATCCCGTGGGTGGAGT	5	0.0892857142857143
780	56	40	5.18673193094754	1	GGCATCCCGTGGGTGGAGTA	4	0.0714285714285714
781	56	40	5.18673193094754	1	GCATCCCGTGGGTGGAGTAC	4	0.0714285714285714
782	56	40	5.18673193094754	1	CATCCCGTGGGTGGAGTACA	4	0.0714285714285714
783	56	40	5.16449777920046	1	ATCCCGTGGGTGGAGTACAA	4	0.0714285714285714
784	56	39	5.12878349348618	1	TCCCGTGGATGGAGTACAAC	4	0.0714285714285714
785	56	38	5.06610893983748	1	CCCGTGGGTGGAGTACAACT	4	0.0714285714285714
786	56	33	4.72469080628813	1	CCGTGGGTGGAGTACAACTT	6	0.107142857142857
787	56	33	4.72469080628813	1	CGTGGGTGGAGTACAACTTC	6	0.107142857142857
788	56	35	4.81835352946378	1	GTGGGTGGAGTACAACTTCT	6	0.107142857142857
789	56	35	4.81835352946378	1	TGGGTGGAGTACAACTTCTT	6	0.107142857142857
790	56	35	4.81835352946378	1	GGGTGGAGTACAACTTCTTC	6	0.107142857142857
791	56	33	4.733444824068	1	GGTGGAGTACAACTTCTTCG	6	0.107142857142857
792	56	33	4.73344482406801	1	GTGGAGTACAACTTCTTCGG	6	0.107142857142857
793	56	24	4.02566853793587	1	TGGAGTACAACTTCTTCGGC	12	0.214285714285714
794	56	26	4.07770128209336	1	GGAGTACAACTTCTTCGGCC	13	0.232142857142857
795	56	22	3.65948249668748	1	GAGTACAACTTCTTCGGCCC	17	0.303571428571429
796	56	24	3.74439120208326	1	AGTACAACTTCTTCGGCCCG	17	0.303571428571429
797	56	26	3.81581977351183	1	GTACAACTTCTTCGGCCCGA	17	0.303571428571429
798	56	27	4.05890129708912	1	TACAACTTCTTCGGCCCGAC	12	0.214285714285714
799	56	27	4.05890129708912	1	ACAACTTCTTCGGCCCGACC	12	0.214285714285714
800	56	29	4.19478773413264	1	CAACTTCTTCGGCCCGACCA	12	0.214285714285714
801	56	29	4.13967762114728	1	AACTTCTTCGGCCCGACCAA	13	0.232142857142857
802	56	29	4.13967762114728	1	ACTTCTTCGGCCCGACCAAG	13	0.232142857142857
803	56	29	4.13967762114728	1	CTTCTTCGGCCCGACCAAGA	13	0.232142857142857
804	56	30	4.23050201984692	1	TTCTTCGGCCCGACCAAGAT	12	0.214285714285714
805	56	30	4.23050201984692	1	TCTTCGGCCCGACCAAGATC	12	0.214285714285714
806	56	36	4.84456658347022	1	CTTCGGCCCGACCAAGATCG	7	0.125
807	56	39	5.05959951168391	1	TTCGGCCCGACCAAGATCGC	5	0.0892857142857143
808	56	39	5.05959951168391	1	TCGGCCCGACCAAGATCGCC	5	0.0892857142857143
809	56	41	5.16674236882676	1	CGGCCCGACCAAGATCGCCG	5	0.0892857142857143
810	56	43	5.28914867190307	1	GGCCCGACCAAGATCAAGGA	3	0.0535714285714286
811	56	43	5.28914867190307	1	GCCCGACCAAGATCAAGGAG	3	0.0535714285714286
812	56	43	5.28914867190307	1	CGCCGAGAGCACCGCCAAGA	3	0.0535714285714286
813	56	43	5.28914867190307	1	GCCGAGAGCACCGCCAAGAG	3	0.0535714285714286
814	56	43	5.28914867190307	1	CGACCAAGATCAAGGAGAGC	3	0.0535714285714286
815	56	44	5.33834309158456	1	CGAGAGCACCGCCAAGAGCC	3	0.0535714285714286
816	56	44	5.33834309158456	1	ACCAAGATCGCCGAGAGCCT	3	0.0535714285714286
817	56	44	5.33834309158456	1	AGCAGACCGCCGAGGCCCTG	3	0.0535714285714286
818	56	41	5.16674236882676	1	CAAGATCGCCGAGAGCCTGC	5	0.0892857142857143
819	56	42	5.20245665454105	1	AAGATCGCCGAGAGCCTGCG	5	0.0892857142857143
820	56	40	5.06657021749753	1	AGATCGCCGAGAGCCTGCGC	5	0.0892857142857143
821	56	42	5.20896608269463	1	CACCGCCAAGAGCCTGCGCA	4	0.0714285714285714
822	56	45	5.36530335951897	1	ACCGCCAAGAGCCTGCGCAA	4	0.0714285714285714
823	56	44	5.30084549390403	1	CCGCCAAGAGCCTGCGCAAG	5	0.0892857142857143
824	56	44	5.30084549390403	1	CGCCAAGAGCCTGCGCAAGA	5	0.0892857142857143
825	56	44	5.30084549390403	1	GCCAAGAGCCTGCGCAAGAT	5	0.0892857142857143
826	56	45	5.36530335951897	1	CCAAGAGCCTGCGCAAGATC	4	0.0714285714285714
827	56	42	5.23120023444171	1	CAAGAGCCTGCGCAAGATCG	4	0.0714285714285714
828	56	39	5.07958907380469	1	AAGAGCCTGCGCAAGATCGC	4	0.0714285714285714
829	56	32	4.63683929667127	1	AGAGCCTGCGCAAGATCGCC	9	0.160714285714286
830	56	41	5.20896608269462	1	GAGCCTGCGCAAGATCGCCG	4	0.0714285714285714
831	56	41	5.17325179698034	1	AGCCTGCGCGCCATCGCCGC	4	0.0714285714285714
832	56	42	5.23120023444171	1	GCCTGCGCGCCATCGCCGCC	4	0.0714285714285714
833	56	45	5.40101764523326	1	CCTGCGCGAGATCGCCGCCA	3	0.0535714285714286
834	56	49	5.5438747880904	1	CTGCGCGAGATCGCCGCCAA	3	0.0535714285714286
835	56	49	5.5438747880904	1	TGCGCGAGATCGCCGCCAAG	3	0.0535714285714286
836	56	49	5.5438747880904	1	GCGCGAGATCGCCGCCAAGT	3	0.0535714285714286
837	56	49	5.5438747880904	1	CGCGAGATCGCCGCCAAGTT	3	0.0535714285714286
838	56	49	5.5438747880904	1	GCGAGATCGCCGCCAAGTTC	3	0.0535714285714286
839	56	48	5.50816050237612	1	CGAGATCGCCGCCAAGTTCG	3	0.0535714285714286
840	56	49	5.5438747880904	1	GAGATCGCCGCCAAGTTCGA	3	0.0535714285714286
860	56	50	5.56432562787124	1	TCAAGGAGGGCGCCGAGCGC	5	0.0892857142857143
861	56	50	5.56432562787124	1	CAAGGAGGGCGCCGAGCGCG	5	0.0892857142857143
862	56	50	5.56432562787124	1	AAGGAGGGCGCCGAGCGCGT	5	0.0892857142857143
863	56	49	5.49289705644266	1	AGGAGGGCGCCGAGCGCGTG	5	0.0892857142857143
864	56	48	5.45718277072838	1	GGAGGGCGCCGAGCGCGTGA	5	0.0892857142857143
865	56	45	5.33655977961832	1	GAGGGCGCCGAGCGCGTGAT	5	0.0892857142857143
866	56	43	5.25165107422254	1	AGGGCGCCGAGCGCGTGATC	5	0.0892857142857143
867	56	43	5.25165107422254	1	GGGCGCCGAGCGCGTGATCG	5	0.0892857142857143
868	56	41	5.18022250279397	1	GGCGCCGAGCGCGTGATCGC	5	0.0892857142857143
869	56	40	5.11057724333164	1	GCGCCGAGCGCGTGATCGCC	6	0.107142857142857
870	56	45	5.33655977961832	1	CGCCGAGCGCGTGATCGCCA	5	0.0892857142857143
871	56	45	5.32307964565111	1	GCCGAGCGCGTGATCGCCAA	5	0.0892857142857143
872	56	40	5.25165107422254	1	CCGAGCGCGTGATCGCCAAG	5	0.0892857142857143
873	56	38	5.14450821707968	1	CGAGCGCGTGATCGCCAAGT	5	0.0892857142857143
874	56	35	4.99514164606896	1	GAGCGCGTGATCGCCAAGTA	5	0.0892857142857143
875	56	34	4.92549638660664	1	AGCGCGTGATCGCCAAGTAC	6	0.107142857142857
876	56	43	5.38753751126606	1	GCGCGTGATCGCCAAGTACC	4	0.0714285714285714
877	56	47	5.56610893983748	1	GCCGTGATCGCCAAGTACGA	3	0.0535714285714286
878	56	44	5.47244621666183	1	GCGTGATCGCCAAGTACCAG	2	0.0357142857142857
879	56	43	5.43673193094754	1	GGTGATCAAGGAGGAGGTGG	2	0.0357142857142857
880	56	40	5.30262880587028	1	GTGATCGCCAAGTACCAGCC	3	0.0535714285714286
881	56	41	5.33834309158456	1	TGATCGCCAAGTACCAGCCG	3	0.0535714285714286
882	56	45	5.49468036840891	1	GATCGCCAAGTACCAGCCGC	3	0.0535714285714286
883	56	44	5.50816050237612	1	ATCGCCAAGTACCAGCCGCT	3	0.0535714285714286
884	56	44	5.50816050237612	1	TCGCCAAGTACCAGCCGCTG	3	0.0535714285714286
885	56	43	5.47244621666183	1	CGCCAAGTACCAGCCGCTGG	3	0.0535714285714286
886	56	47	5.62878349348618	1	GCCGAGGAGATGGTGGAGGT	2	0.0357142857142857
887	56	47	5.62878349348618	1	CCAAGTACGACCCGATCATG	2	0.0357142857142857
888	56	47	5.62878349348618	1	CAAGTACCAGCCGCTGGTGG	2	0.0357142857142857
889	56	48	5.66449777920046	1	AAGTACCAGCCGCTGGTGGA	2	0.0357142857142857
890	56	48	5.66449777920046	1	AGTACGACCCGATCATGCAG	2	0.0357142857142857
891	56	53	5.70021206491475	1	GTACCAGCCGCTGGTGGACG	2	0.0357142857142857
892	56	54	5.73592635062904	1	TACCAGCCGCTGGTGGACGC	2	0.0357142857142857
893	56	54	5.73592635062904	1	ACCAGCCGCTGGTGGACGCC	2	0.0357142857142857
894	56	54	5.73592635062904	1	GGTGGAGGCCATCAAGCCGC	2	0.0357142857142857
895	56	54	5.73592635062904	1	GTGGAGGCCATCAAGCCGCA	2	0.0357142857142857
896	56	54	5.73592635062904	1	TGGAGGCCATCAAGCCGCAG	2	0.0357142857142857
897	56	54	5.73592635062904	1	GGAGGCCATCAAGCCGCAGC	2	0.0357142857142857
898	56	55	5.77164063634332	1	GAGGCCATCAAGCCGCAGCT	2	0.0357142857142857
899	56	54	5.73592635062904	1	AGGCCATCAAGCCGCAGCTG	2	0.0357142857142857
900	56	54	5.73592635062904	1	GGCCATCAAGCCGCAGCTGG	2	0.0357142857142857
901	56	53	5.70021206491475	1	CGCATCCAGCCGTACATCGA	2	0.0357142857142857
902	56	53	5.70021206491475	1	GCATCCAGCCGTACATCGAC	2	0.0357142857142857
903	56	53	5.70021206491475	1	GATCCAGCCGGAGCTGGACT	2	0.0357142857142857
904	56	53	5.70021206491475	1	ATCAAGCCGCAGCTGGAGTT	2	0.0357142857142857
905	56	52	5.66449777920046	1	TCCAGCCGTACATCGACGCC	2	0.0357142857142857
906	56	52	5.66449777920046	1	CCAGCCGGAGCTGGACTTCT	2	0.0357142857142857
907	56	50	5.57958907380469	1	GACGCCGTGATCGCCAAGTA	3	0.0535714285714286
908	56	50	5.57958907380469	1	ACGCCGTGATCGAGAAGTAC	2	0.0357142857142857
909	56	51	5.61530335951897	1	CGCCGTGATCGCCAAGTACC	3	0.0535714285714286
910	56	49	5.5438747880904	1	GCCGTGATCGCCAAGTACCG	3	0.0535714285714286
911	56	49	5.5438747880904	1	CCGTGATCGCCAAGTACCGC	3	0.0535714285714286
912	56	46	5.3722740653326	1	CGTGATCGCCAAGTACCGCC	5	0.0892857142857143
913	56	44	5.25343438618879	1	GTGATCGCCAAGTACCGCCC	6	0.107142857142857
914	56	43	5.2042399665073	1	TGATCGCCAAGTACCGCCCG	6	0.107142857142857
915	56	44	5.27388522596962	1	GATCGCCAAGTACCGCCCGC	5	0.0892857142857143
916	56	43	5.16599515489879	1	ATCGCCAAGTACCGCCCGCG	7	0.125
917	56	43	5.16599515489879	1	TCGCCAAGTACCGCCCGCGC	7	0.125
918	56	43	5.16599515489879	1	CGCCAAGTACCGCCCGCGCC	7	0.125
919	56	39	4.95896608269463	1	GCCAAGTACCGCCCGCGCCT	8	0.142857142857143
920	56	39	4.95896608269463	1	CCAAGTACCGCCCGCGCCTG	8	0.142857142857143
921	56	41	4.98638762828909	1	CAAGTACCGCCCGCGCCTGG	10	0.178571428571429
922	56	39	4.78914867190307	1	AAGTACCGCCCGCGCCTGGA	12	0.214285714285714
923	56	38	4.58229494109104	1	AGTACCGCCCGCGCCTGGAG	15	0.267857142857143
924	56	37	4.54658065537675	1	GTACCGCCCGCGCCTGGAGG	15	0.267857142857143
925	56	36	4.45021206491475	1	TACCGCCCGCGCCTGGAGGG	16	0.285714285714286
926	56	36	4.45021206491475	1	ACCGCCCGCGCCTGGAGGGC	16	0.285714285714286
927	56	36	4.56980190582892	1	CCGCCCGCGCCTGGAGGGCA	14	0.25
928	56	36	4.56980190582892	1	CGCCCGCGCCTGGAGGGCAA	14	0.25
929	56	37	4.66260998748914	1	GCCCGCGCCTGGAGGGCAAG	13	0.232142857142857
930	56	39	4.92727969857289	1	CCCGCGCCTGGAGGGCAAGA	9	0.160714285714286
931	56	42	5.13753751126605	1	CCGCGCCTGGAGGGCAAGAA	6	0.107142857142857
932	56	41	5.10182322555177	1	CGCGCCTGGAGGGCAAGAAG	6	0.107142857142857
933	56	40	5.03736535993682	1	GCGCCTGGAGGGCAAGAAGG	6	0.107142857142857
934	56	40	5.0213547000754	1	CGCCTGGAGGGCAAGAAGGT	7	0.125
935	56	39	4.98564041436112	1	GCCTGGAGGGCAAGAAGGTG	7	0.125
936	56	44	5.26691452015599	1	CCTGGAGGGCAAGAAGGTGA	6	0.107142857142857
937	56	44	5.26691452015599	1	CTGGAGGGCAAGAAGGTGAT	6	0.107142857142857
938	56	44	5.26691452015599	1	TGGAGGGCAAGAAGGTGATG	6	0.107142857142857
939	56	43	5.23120023444171	1	GGAGGGCAAGAAGGTGATGC	6	0.107142857142857
940	56	41	5.14629152904593	1	GAGGGCAAGAAGGTGATGCT	6	0.107142857142857
941	56	41	5.14629152904593	1	AGGGCAAGAAGGTGATGCTG	6	0.107142857142857
942	56	41	5.15977166301314	1	GGGCAAGAAGGTGATGCTGT	6	0.107142857142857
943	56	38	5.03914867190307	1	GGCAAGAAGGTGATGCTGTA	6	0.107142857142857
944	56	38	5.03914867190307	1	GCAAGAAGGTGATGCTGTAC	6	0.107142857142857
945	56	38	5.05262880587028	1	CAAGAAGGTGATGCTGTACG	6	0.107142857142857
946	56	38	5.05262880587028	1	AAGAAGGTGATGCTGTACGT	6	0.107142857142857
947	56	38	5.05262880587028	1	AGAAGGTGATGCTGTACGTG	6	0.107142857142857
948	56	38	5.05262880587028	1	GAAGGTGATGCTGTACGTGG	6	0.107142857142857
949	56	35	4.9050455468258	1	AAGGTGATGCTGTACGTGGG	6	0.107142857142857
950	56	34	4.85585112714431	1	AGGTGATGCTGTACGTGGGC	6	0.107142857142857
951	56	30	4.60112501095699	1	CGTGATGCTGTACGTGGGCG	6	0.107142857142857
952	56	25	4.08764487698978	1	GTGATGCTGTACGTGGGCGG	12	0.214285714285714
953	56	25	4.08764487698978	1	TGATGCTGTACGTGGGCGGC	12	0.214285714285714
954	56	27	4.22693539591443	1	GATGCTGTACGTGGGCGGCC	12	0.214285714285714
955	56	24	4.05193059127549	1	ATGCTGTACGTGGGCGGCCT	12	0.214285714285714
956	56	20	3.60153728928385	1	TGCTGTACGTGGGCGGCCTG	16	0.285714285714286
957	56	19	3.56582300356956	1	GCTGTACGTGGGCGGCCTGC	16	0.285714285714286
958	56	16	3.28591993141407	1	CTGTACGTGGGCGGCCTGCG	16	0.285714285714286
959	56	16	3.28591993141407	1	TGTACGTGGGCGGCCTGCGC	16	0.285714285714286
960	56	19	3.53937301262839	1	GTACGTGGGCGGCCTGCGCC	15	0.267857142857143
961	56	19	3.53937301262839	1	TACGTGGGCGGCCTGCGCCC	15	0.267857142857143
962	56	18	3.48142457516703	1	ACGTGGGCGGCCTGCGCCCG	15	0.267857142857143
963	56	16	3.12204007624025	1	CGTGGGCGGCCTGCGCCCGC	21	0.375
964	56	15	2.83886616791857	1	GTGGGCGGCCTGCGCCCGCG	25	0.446428571428571
965	56	14	2.72966924064535	1	TGGGCGGCCTGCGCCCGCGC	26	0.464285714285714
966	56	12	2.58859540975446	1	GGGCGGCCTGCGCCCGCGCC	26	0.464285714285714
967	56	10	2.40697880463401	1	GGCGGCCTGCGCCCGCGCCA	27	0.482142857142857
968	56	10	2.40697880463401	1	GCGGCCTGCGCCCGCGCCAC	27	0.482142857142857
969	56	12	2.88544286748171	1	CGGCCTGCGCCCGCGCCACG	18	0.321428571428571
970	56	13	3.04472294852714	1	GGCCTGCGCCCGCGCCACGT	18	0.321428571428571
971	56	14	3.1026713859885	1	GCCTGCGCCCGCGCCACGTG	18	0.321428571428571
972	56	19	3.70753956864335	1	CCTGCGCCCGCGCCACGTGA	13	0.232142857142857
973	56	21	3.77896814007192	1	CTGCGCCCGCGCCACGTGAT	13	0.232142857142857
974	56	22	3.86979253877157	1	TGCGCCCGCGCCACGTGATC	12	0.214285714285714
975	56	33	4.59859448506277	1	GCGCCCGCGCCACGTGATCG	9	0.160714285714286
976	56	35	4.70826786809984	1	CGCCCGCGCCACGTGATCGG	9	0.160714285714286
977	56	36	4.80665670746282	1	GCCCGCGCCACGTGATCGGC	9	0.160714285714286
978	56	36	4.80665670746282	1	CCCGCGCCACGTGATCGGCG	9	0.160714285714286
979	56	36	4.80665670746282	1	CCGCGCCACGTGATCGGCGC	9	0.160714285714286
980	56	36	4.80665670746282	1	CGCGCCACGTGATCGGCGCC	9	0.160714285714286
981	56	36	4.80665670746282	1	GCGCCACGTGATCGGCGCCT	9	0.160714285714286
982	56	35	4.75746228778133	1	CGCCACGTGATCGGCGCCTA	9	0.160714285714286
983	56	35	4.75746228778133	1	GCCACGTGATCGGCGCCTAC	9	0.160714285714286
984	56	37	4.86460514492419	1	CCACGTGATCGGCGCCTACG	9	0.160714285714286
985	56	39	4.94951385031997	1	CACGTGATCGGCGCCTACGA	9	0.160714285714286
986	56	40	4.98522813603425	1	ACGTGATCGGCGCCTACGAG	9	0.160714285714286
987	56	40	4.98522813603425	1	CGTGATCGGCGCCTACGAGG	9	0.160714285714286
988	56	40	4.98522813603425	1	GTGATCGGCGCCTACGAGGA	9	0.160714285714286
989	56	37	4.98522813603425	1	TGATCGGCGCCTACGAGGAC	9	0.160714285714286
990	56	37	4.98522813603425	1	GATCGGCGCCTACGAGGACC	9	0.160714285714286
991	56	34	4.77943487189087	1	ATCGGCGCCTACGAGGACCT	11	0.196428571428571
992	56	34	4.77943487189087	1	TCGGCGCCTACGAGGACCTG	11	0.196428571428571
993	56	32	4.69452616649509	1	CGGCGCCTACGAGGACCTGG	11	0.196428571428571
994	56	31	4.55074101415895	1	GGCGCCTACGAGGACCTGGG	13	0.232142857142857
995	56	30	4.50154659447746	1	GCGCCTACGAGGACCTGGGC	13	0.232142857142857
996	56	30	4.39899739633228	1	CGCCTACGAGGACCTGGGCA	15	0.267857142857143
997	56	26	4.17595766426669	1	GCCTACGAGGACCTGGGCAT	15	0.267857142857143
998	56	28	4.26962038744234	1	CCTACGAGGACCTGGGCATG	15	0.267857142857143
999	56	31	4.57013684143003	1	CTACGAGGACCTGGGCATGG	12	0.214285714285714
1000	56	33	4.71676031824217	1	TACGAGGACCTGGGCATGGA	11	0.196428571428571
1001	56	36	4.90147892289331	1	ACGAGGACCTGGGCATGGAG	10	0.178571428571429
1002	56	36	5.00862178003617	1	CGAGGACCTGGGCATGGAGG	5	0.0892857142857143
1003	56	36	5.00862178003617	1	GAGGACCTGGGCATGGAGGT	5	0.0892857142857143
1004	56	35	4.97290749432188	1	AGGACCTGGGCATGGAGATC	5	0.0892857142857143
1005	56	37	5.13753751126605	1	GGACCTGGGCATGGAGGTGG	4	0.0714285714285714
1006	56	35	5.00343438618879	1	GACCTGGGCATGGAGATCGT	6	0.107142857142857
1007	56	35	5.00343438618879	1	ACCTGGGCATGGAGATCGTG	6	0.107142857142857
1008	56	35	4.84456658347022	1	CCTGGGCATGGAGATCGTGG	7	0.125
1009	56	40	5.1222740653326	1	CTGGGCATGGAGATCGTGGG	5	0.0892857142857143
1010	56	40	5.1222740653326	1	TGGGCATGGAGATCGTGGGC	5	0.0892857142857143
1011	56	41	5.15798835104689	1	GGGCATGGAGATCGTGGGCA	5	0.0892857142857143
1012	56	44	5.27861134215695	1	GGCATGGAGATCGTGGGCAC	5	0.0892857142857143
1013	56	44	5.27861134215695	1	GCATGGAGATCGTGGGCACC	5	0.0892857142857143
1014	56	44	5.27861134215695	1	CATGGAGATCGTGGGCACCG	5	0.0892857142857143
1015	56	44	5.27861134215695	1	ATGGAGATCGTGGGCACCGG	5	0.0892857142857143
1016	56	43	5.20896608269463	1	TGGAGATCGTGGGCACCGGC	6	0.107142857142857
1017	56	43	5.20896608269463	1	GGAGATCGTGGGCACCGGCT	6	0.107142857142857
1018	56	43	5.20896608269463	1	GAGATCGTGGGCACCGGCTA	6	0.107142857142857
1019	56	40	5.07307964565111	1	AGATCGTGGGCACCGGCTAC	6	0.107142857142857
1020	56	40	5.07307964565111	1	GATCGTGGGCACCGGCTACG	6	0.107142857142857
1021	56	35	4.79537216378873	1	GTGGTGGGCACCGGCTACGA	7	0.125
1022	56	34	4.75965787807444	1	TGGTGGGCACCGGCTACGAG	7	0.125
1023	56	33	4.70170944061308	1	GGTGGGCACCGGCTACGAGT	7	0.125
1024	56	24	4.10690613965407	1	GTGGGCACCGGCTACGAGTT	13	0.232142857142857
1025	56	24	4.10690613965407	1	TGGGCACCGGCTACGAGTTC	13	0.232142857142857
1026	56	24	4.11566015743395	1	GGGCACCGGCTACGAGTTCG	13	0.232142857142857
1027	56	25	4.20245665454105	1	GGCACCGGCTACGAGTTCGG	8	0.142857142857143
1028	56	23	4.13102808311248	1	GCACCGGCTACGAGTTCGCC	8	0.142857142857143
1029	56	19	3.69289994242131	1	CACCGGCTACGAGTTCGCCC	13	0.232142857142857
1030	56	15	3.35125135301593	1	ACCGGCTACGAGTTCGCCCA	14	0.25
1031	56	13	2.7988214496943	1	CCGGCTACGAGTTCGCCCAC	22	0.392857142857143
1032	56	15	3.43530541689627	1	CGGCTACGAGTTCGCCCACA	13	0.232142857142857
1033	56	18	3.74372058617658	1	GGCTACGAGTTCGCCCACAA	11	0.196428571428571
1034	56	20	3.91379956460568	1	GCTACGAGTTCGCCCACAAC	9	0.160714285714286
1035	56	19	3.82710754724366	1	CTACGAGTTCGCCCACAACG	9	0.160714285714286
1036	56	19	3.82710754724366	1	TACGAGTTCGCCCACAACGA	9	0.160714285714286
1037	56	20	3.86282183295794	1	ACGAGTTCGCCCACAACGAC	9	0.160714285714286
1038	56	19	3.73390610172806	1	CGAGTTCGCCCACCGCGACG	10	0.178571428571429
1039	56	19	3.73390610172806	1	GAGTTCGCCCACCGCGACGA	10	0.178571428571429
1040	56	17	3.54542116312192	1	AGTTCGCCCACCGCGACGAC	12	0.214285714285714
1041	56	17	3.54542116312192	1	GTTCGCCCACCGCGACGACT	12	0.214285714285714
1042	56	17	3.54542116312192	1	TTCGCCCACCGCGACGACTA	12	0.214285714285714
1043	56	17	3.54542116312192	1	TCGCCCACCGCGACGACTAC	12	0.214285714285714
1044	56	22	3.97871870788068	1	CGCCCACCGCGACGACTACG	12	0.214285714285714
1045	56	22	3.97871870788067	1	GCCCACCGCGACGACTACGA	12	0.214285714285714
1046	56	21	3.92952428819919	1	CCCACCGCGACGACTACGAG	12	0.214285714285714
1047	56	17	3.41392590666462	1	CCACCGCGACGACTACGAGG	14	0.25
1048	56	17	3.41392590666462	1	CACCGCGACGACTACGAGGG	14	0.25
1049	56	17	3.41392590666462	1	ACCGCGACGACTACGAGGGC	14	0.25
1050	56	17	3.76605376350985	1	CAACGACGACTACCAGCGCA	10	0.178571428571429
1051	56	17	3.76605376350985	1	AACGACGACTACCAGCGCAC	10	0.178571428571429
1052	56	17	3.7947973434105	1	ACGACGACTACCAGCGCACC	10	0.178571428571429
1053	56	23	4.3802808691845	1	CGACGACTACCAGCGCACCA	7	0.125
1054	56	23	4.48269761014003	1	GACGACTACCAGCGCACCAC	6	0.107142857142857
1055	56	23	4.59237099317711	1	ACGACTACCAGCGCACCACC	6	0.107142857142857
1056	56	26	4.94075983254009	1	CGACTACCAGCGCACCACCC	6	0.107142857142857
1057	56	27	5.03914867190307	1	GACTACCAGCGCACCACCCA	6	0.107142857142857
1058	56	28	5.08834309158456	1	ACTACCAGCGCACCACCCAC	6	0.107142857142857
1059	56	30	5.22941692247546	1	CTACCAGCGCACCACCCACT	5	0.0892857142857143
1060	56	30	5.22941692247546	1	TACCAGCGCACCACCCACTA	5	0.0892857142857143
1061	56	30	5.26513120818974	1	ACCAGCGCACCACCCACTAC	5	0.0892857142857143
1062	56	33	5.3722740653326	1	CCAGCGCACCACCCACTACG	5	0.0892857142857143
1063	56	33	5.3722740653326	1	CAGCGCACCACCCACTACGT	5	0.0892857142857143
1064	56	32	5.30262880587028	1	AGCGCACCACCCACTACGTG	6	0.107142857142857
1065	56	34	5.40798835104689	1	GCGCACCACCCACTACGTGA	5	0.0892857142857143
1066	56	35	5.44370263676117	1	CGCACCACCCACTACGTGAA	5	0.0892857142857143
1067	56	29	5.47941692247546	1	GCACCACCCACTACGTGAAG	5	0.0892857142857143
1068	56	30	5.52861134215695	1	CACCACCCACTACGTGAAGG	5	0.0892857142857143
1069	56	43	5.52861134215695	1	ACCACCCACTACGTGAAGGA	5	0.0892857142857143
1070	56	43	5.52861134215695	1	CCACCCACTACGTGAAGGAC	5	0.0892857142857143
1071	56	43	5.52861134215695	1	CACCCACTACGTGAAGGACG	5	0.0892857142857143
1072	56	43	5.52861134215695	1	ACCCACTACGTGAAGGACGG	5	0.0892857142857143
1073	56	42	5.47941692247546	1	CCCACTACGTGAAGGACGGC	5	0.0892857142857143
1074	56	43	5.52861134215695	1	CCACTACGTGAAGGACGGCA	5	0.0892857142857143
1075	56	43	5.52861134215695	1	CACTACGTGAAGGACGGCAC	5	0.0892857142857143
1076	56	43	5.52861134215695	1	ACTACGTGAAGGACGGCACC	5	0.0892857142857143
1077	56	43	5.52861134215695	1	CTACGTGAAGGACGGCACCC	5	0.0892857142857143
1078	56	42	5.45718277072838	1	TACGTGAAGGACGGCACCCT	5	0.0892857142857143
1079	56	40	5.35182322555177	1	ACGTGAAGGACGGCACCCTG	6	0.107142857142857
1080	56	41	5.38753751126606	1	CGTGAAGGACGGCACCCTGA	6	0.107142857142857
1081	56	40	5.35182322555177	1	GTGAAGGACGGCACCCTGAT	6	0.107142857142857
1082	56	39	5.2803946541232	1	TGAAGGACGGCACCCTGATC	6	0.107142857142857
1083	56	40	5.31610893983748	1	GAAGGACGGCACCCTGATCT	6	0.107142857142857
1084	56	39	5.25165107422254	1	AAGGACGGCACCCTGATCTA	6	0.107142857142857
1085	56	38	5.21593678850825	1	AGGACGGCACCCTGATCTAC	6	0.107142857142857
1086	56	44	5.21593678850825	1	GGACGGCACCCTGATCTACG	6	0.107142857142857
1087	56	42	5.10626340547118	1	GACGGCACCCTGATCTACGA	7	0.125
1088	56	39	4.91201625263944	1	ACGGCACCCTGATCTACGAC	9	0.160714285714286
1089	56	39	4.91201625263943	1	CGGCACCCTGATCTACGACG	9	0.160714285714286
1090	56	38	4.67694476297178	1	GGCACCCTGATCTACGACGA	14	0.25
1091	56	38	4.67694476297178	1	GCACCCTGATCTACGACGAC	14	0.25
1092	56	37	4.62775034329029	1	CACCCTGATCTACGACGACG	14	0.25
1093	56	39	4.769752844632	1	ACCCTGATCTACGACGACGT	13	0.232142857142857
1094	56	39	4.769752844632	1	CCCTGATCTACGACGACGTG	13	0.232142857142857
1095	56	37	4.69832427320342	1	CCTGATCTACGACGACGTGA	13	0.232142857142857
1096	56	36	4.80084549390403	1	CTGATCTACGACGACGTGAC	8	0.142857142857143
1097	56	34	4.63621547695986	1	TGATCTACGACGACGTGACC	10	0.178571428571429
1098	56	35	4.67192976267414	1	GATCTACGACGACGTGACCG	10	0.178571428571429
1099	56	37	4.85585112714432	1	ATCTACGACGACGTGACCGG	9	0.160714285714286
1100	56	36	4.82013684143003	1	TCTACGACGACGTGACCGGC	9	0.160714285714286
1101	56	39	4.94951385031997	1	CTACGACGACGTGACCGGCT	9	0.160714285714286
1102	56	39	4.90147892289331	1	TACGACGACGTGACCGGCTA	10	0.178571428571429
1103	56	39	4.90147892289331	1	ACGACGACGTGACCGGCTAC	10	0.178571428571429
1104	56	39	4.90147892289331	1	CGACGACGTGACCGGCTACG	10	0.178571428571429
1105	56	37	4.81657021749753	1	GACGACGTGACCGGCTACGA	10	0.178571428571429
1106	56	37	4.81657021749754	1	ACGACGTGACCGGCTACGAG	10	0.178571428571429
1107	56	39	4.98120023444171	1	CGACGTGACCGGCTACGAGT	8	0.142857142857143
1108	56	40	5.01691452015599	1	GACGTGACCGGCTACGAGTT	8	0.142857142857143
1109	56	40	5.01691452015599	1	ACGTGACCGGCTACGAGTTC	8	0.142857142857143
1110	56	37	4.88753751126605	1	CGTGACCGGCTACGAGTTCG	8	0.142857142857143
1111	56	37	4.88753751126605	1	GTGACCGGCTACGAGTTCGA	8	0.142857142857143
1112	56	37	4.88753751126605	1	TGACCGGCTACGAGTTCGAG	8	0.142857142857143
1113	56	40	5.05009827997606	1	GACCGGCTACGAGTTCGAGA	7	0.125
1114	56	40	5.05009827997606	1	ACCGGCTACGAGTTCGAGAA	7	0.125
1115	56	40	5.05009827997606	1	CCGGCTACGAGTTCGAGAAG	7	0.125
1116	56	41	5.11057724333165	1	CGGCTACGAGTTCGAGAAGT	6	0.107142857142857
1117	56	42	5.16852568079301	1	GGCTACGAGTTCGAGAAGTT	6	0.107142857142857
1118	56	42	5.16852568079301	1	GCTACGAGTTCGAGAAGTTC	6	0.107142857142857
1119	56	42	5.16852568079301	1	CTACGAGTTCGAGAAGTTCG	6	0.107142857142857
1120	56	42	5.21593678850825	1	TACGAGTTCGAGAAGTTCGT	5	0.0892857142857143
1121	56	42	5.21593678850825	1	ACGAGTTCGAGAAGTTCGTG	5	0.0892857142857143
1122	56	40	5.1087939313654	1	CGAGTTCGAGAAGTTCGTGG	5	0.0892857142857143
1123	56	41	5.15798835104689	1	GAGTTCGAGAAGTTCGTGGA	5	0.0892857142857143
1124	56	43	5.24289705644266	1	AGTTCGAGAAGTTCGTGGAG	5	0.0892857142857143
1125	56	48	5.48592635062904	1	GTTCGAGAAGTTCGTGGAGA	4	0.0714285714285714
1126	56	50	5.55735492205761	1	TTCGAGAAGTTCGTGGAGAA	4	0.0714285714285714
1127	56	51	5.59306920777189	1	TCGAGAAGTTCGTGGAGAAG	4	0.0714285714285714
1128	56	51	5.61530335951898	1	CGAGAAGTTCGTGGAGAAGA	3	0.0535714285714286
1129	56	51	5.61530335951897	1	GAGAAGTTCGTGGAGAAGAT	3	0.0535714285714286
1130	56	51	5.61530335951898	1	AGAAGTTCGTGGAGAAGATC	3	0.0535714285714286
1131	56	52	5.65101764523326	1	GAAGTTCGTGGAGAAGATCC	3	0.0535714285714286
1132	56	52	5.65101764523326	1	AAGTTCGTGGAGAAGATCCA	3	0.0535714285714286
1133	56	51	5.61530335951897	1	AGTTCGTGGAGAAGATCCAG	3	0.0535714285714286
1134	56	51	5.61530335951898	1	GTTCGTGGAGAAGATCCAGC	3	0.0535714285714286
1135	56	49	5.5438747880904	1	TTCGTGGAGAAGATCCAGCC	3	0.0535714285714286
1136	56	49	5.5438747880904	1	TCGTGGAGAAGATCCAGCCG	3	0.0535714285714286
1137	56	48	5.49468036840891	1	CGTGGAGAAGTACAAGCCGG	3	0.0535714285714286
1138	56	47	5.44548594872742	1	GTGGAGAAGATCCAGCCGGA	3	0.0535714285714286
1139	56	48	5.49468036840891	1	TGAAGGCCCTGAAGCCGGAC	3	0.0535714285714286
1140	56	49	5.5438747880904	1	GGAGAAGATCCAGCCGGACC	3	0.0535714285714286
1141	56	48	5.50816050237612	1	GAGAAGATCCAGCCGGACCT	3	0.0535714285714286
1142	56	48	5.49468036840891	1	AGAAGATCCAGCCGGACCTG	3	0.0535714285714286
1143	56	50	5.57958907380469	1	GAAGATCCAGCCGGACCTGG	3	0.0535714285714286
1144	56	45	5.37405737729885	1	AAGTACAAGCCGGACTTCAT	3	0.0535714285714286
1145	56	42	5.23120023444171	1	AGCTGCGCCCGGACCTGGTG	4	0.0714285714285714
1146	56	37	4.95896608269462	1	CCTGAAGCCGGACCTGATCG	4	0.0714285714285714
1147	56	36	4.93897652057384	1	TACAAGCCGGACTTCATGCT	5	0.0892857142857143
1148	56	35	4.85228450321182	1	ACAAGCCGGACTTCATGCTG	5	0.0892857142857143
1149	56	35	4.88978210089235	1	GCGCCCGGACCTGGTGGGCA	5	0.0892857142857143
1150	56	33	4.7042399665073	1	CGCCCGGACCTGGTGGGCAG	8	0.142857142857143
1151	56	31	4.54537216378873	1	GCCCGGACCTGGTGGGCAGC	8	0.142857142857143
1152	56	30	4.50965787807444	1	CCCGGACCTGGTGGGCAGCG	8	0.142857142857143
1153	56	27	4.14899739633228	1	CCGGACCTGGTGGGCAGCGG	15	0.267857142857143
1154	56	27	4.14899739633228	1	CGGACCTGGTGGGCAGCGGC	15	0.267857142857143
1155	56	29	4.22042596776085	1	GGACCTGGTGGGCAGCGGCA	15	0.267857142857143
1156	56	29	4.22042596776085	1	GACCTGGTGGGCAGCGGCAT	15	0.267857142857143
1157	56	29	4.22042596776085	1	ACCTGGTGGGCAGCGGCATC	15	0.267857142857143
1158	56	28	4.18471168204657	1	CCTGGTGGGCAGCGGCATCA	15	0.267857142857143
1159	56	28	4.18471168204657	1	CTGGTGGGCAGCGGCATCAA	15	0.267857142857143
1160	56	27	4.12025381643162	1	TGGTGGGCAGCGGCATCAAG	15	0.267857142857143
1161	56	27	4.12025381643162	1	GGTGGGCAGCGGCATCAAGG	15	0.267857142857143
1162	56	24	3.98615069135436	1	GTGGGCAGCGGCATCAAGGA	15	0.267857142857143
1163	56	22	3.85855699443067	1	TGGGCAGCGGCATCAAGGAG	15	0.267857142857143
1164	56	22	3.87203712839787	1	GGGCAGCGGCATCAAGGAGA	15	0.267857142857143
1165	56	19	3.42596061210907	1	GGCAGCGGCATCAAGGAGAA	21	0.375
1166	56	19	3.42596061210907	1	GCAGCGGCATCAAGGAGAAG	21	0.375
1167	56	15	2.91475009737036	1	CAGCGGCATCAAGGAGAAGT	26	0.464285714285714
1168	56	16	3.03742715861078	1	AGCGGCATCAAGGAGAAGTA	25	0.446428571428571
1169	56	15	2.85375648335997	1	GCGGCATCAAGGAGAAGTAC	27	0.482142857142857
1170	56	19	3.64721408436603	1	CGGCATCAAGGAGAAGTACG	15	0.267857142857143
1171	56	24	4.10690613965407	1	GGCATCAAGGAGAAGTACGT	13	0.232142857142857
1172	56	24	4.10690613965407	1	GCATCAAGGAGAAGTACGTG	13	0.232142857142857
1173	56	32	4.49692495803521	1	CATCAAGGAGAAGTACGTGT	12	0.214285714285714
1174	56	34	4.63479441706748	1	ATCAAGGAGAAGTACGTGTT	11	0.196428571428571
1175	56	34	4.63479441706748	1	TCAAGGAGAAGTACGTGTTC	11	0.196428571428571
1176	56	35	4.76915910978229	1	CAAGGAGAAGTACGTGTTCC	9	0.160714285714286
1177	56	32	4.5498857116717	1	AAGGAGAAGTACGTGTTCCA	11	0.196428571428571
1178	56	33	4.58559999738599	1	AGGAGAAGTACGTGTTCCAG	11	0.196428571428571
1179	56	33	4.58559999738599	1	GGAGAAGTACGTGTTCCAGA	11	0.196428571428571
1180	56	33	4.58559999738599	1	GAGAAGTACGTGTTCCAGAA	11	0.196428571428571
1181	56	33	4.58559999738599	1	AGAAGTACGTGTTCCAGAAG	11	0.196428571428571
1182	56	38	4.82826703949849	1	GAAGTACGTGTTCCAGAAGA	10	0.178571428571429
1183	56	39	4.89272490511343	1	AAGTACGTGTTCCAGAAGAT	10	0.178571428571429
1184	56	39	4.89272490511343	1	AGTACGTGTTCCAGAAGATG	10	0.178571428571429
1185	56	39	4.89272490511343	1	GTACGTGTTCCAGAAGATGG	10	0.178571428571429
1186	56	39	4.98592635062904	1	TACGTGTTCCAGAAGATGGG	8	0.142857142857143
1187	56	39	4.98592635062904	1	ACGTGTTCCAGAAGATGGGC	8	0.142857142857143
1188	56	44	5.30735492205761	1	CGTGTTCCAGAAGATGGGCG	4	0.0714285714285714
1189	56	44	5.30735492205761	1	CTGTTCCGCAAGTTCGGCAT	4	0.0714285714285714
1190	56	43	5.27164063634332	1	TGTTCCAGAAGATGGGCGTG	4	0.0714285714285714
1191	56	42	5.23592635062903	1	GTTCCGCAAGTTCGGCATCC	4	0.0714285714285714
1192	56	38	5.00343438618879	1	TTCCAGAAGATGGGCGTGCC	6	0.107142857142857
1193	56	36	4.90977166301313	1	TCCAGAAGATGGGCGTGCCG	6	0.107142857142857
1194	56	36	4.82958907380469	1	CCAGAAGATGGGCGTGCCGT	8	0.142857142857143
1195	56	34	4.69548594872742	1	CAGAAGATGGGCGTGCCGTT	8	0.142857142857143
1196	56	33	4.64629152904593	1	AGAAGATGGGCGTGCCGTTC	8	0.142857142857143
1197	56	35	4.75343438618879	1	GAAGATGGGCGTGCCGTTCC	8	0.142857142857143
1198	56	34	4.679475288866	1	AAGATGGGCGTGCCGTTCCG	8	0.142857142857143
1199	56	34	4.679475288866	1	AGATGGGCGTGCCGTTCCGC	8	0.142857142857143
1200	56	34	4.679475288866	1	GATGGGCGTGCCGTTCCGCC	8	0.142857142857143
1201	56	34	4.679475288866	1	ATGGGCGTGCCGTTCCGCCA	8	0.142857142857143
1202	56	33	4.6302808691845	1	TGGGCGTGCCGTTCCGCCAG	8	0.142857142857143
1203	56	31	4.54537216378873	1	GGGCGTGCCGTTCCGCCAGA	8	0.142857142857143
1204	56	27	4.18765448626765	1	GGCATCCCGTTCCGCCAGAT	10	0.178571428571429
1205	56	27	4.18765448626765	1	GCATCCCGTTCCGCCAGATG	10	0.178571428571429
1206	56	26	4.10096246890562	1	CATCCCGTTCCGCCAGATGC	10	0.178571428571429
1207	56	26	4.10096246890562	1	GTGCCGTTCCGCCAGATGCA	10	0.178571428571429
1208	56	24	3.76866060521002	1	TGCCGTTCCGCCAGATGCAC	15	0.267857142857143
1209	56	22	3.58361697539723	1	GCCGTTCCGCCAGATGCACA	16	0.285714285714286
1210	56	20	3.03305446991874	1	CCGTTCCGCCAGATGCACAG	28	0.5
1211	56	20	3.03305446991874	1	CGTTCCGCCAGATGCACAGC	28	0.5
1212	56	20	3.03305446991874	1	GTTCCGCCAGATGCACAGCT	28	0.5
1213	56	19	2.99734018420445	1	TTCCGCCAGATGCACAGCTG	28	0.5
1214	56	17	2.89895134484147	1	TCCGCCAGATGCACAGCTGG	28	0.5
1215	56	15	2.80528862166582	1	CCGCCAGATGCACAGCTGGG	28	0.5
1216	56	6	2.75609420198433	1	ATCAACAGCCACAGCTACGA	4	0.0714285714285714
1217	56	5	2.68466563055576	1	TCAACAGCCACAGCTACGAG	4	0.0714285714285714
1218	56	7	2.84975692515998	1	CAACAGCCACAGCTACGAGC	3	0.0535714285714286
1219	56	6	2.8140426394457	1	AACAGCCACAGCTACGAGAA	3	0.0535714285714286
1220	56	6	2.8140426394457	1	ACGGCCACACCTACGACACC	3	0.0535714285714286
1221	56	6	2.8140426394457	1	CAGCCACAGCTACGAGCAGG	3	0.0535714285714286
1222	56	6	2.8140426394457	1	GGCCACACCTACGACACCGG	3	0.0535714285714286
1223	56	6	2.75609420198433	1	GCCACAGCTACGAGCAGGGC	3	0.0535714285714286
1224	56	5	2.69814576452296	1	CCACAGCTACGAGAACGGCC	4	0.0714285714285714
1225	56	5	2.69814576452296	1	CACAGCTACGAGAACGGCCC	4	0.0714285714285714
1226	56	5	2.69814576452296	1	ACAGCTACGAGAACGGCCCG	4	0.0714285714285714
1227	56	5	2.69814576452296	1	CAGCTACGAGAACGGCCCGT	4	0.0714285714285714
1228	56	5	2.75609420198433	1	AGCTACGAGAACGGCCCGTA	4	0.0714285714285714
1229	56	5	2.75609420198433	1	GCTACGAGAACGGCCCGTAC	4	0.0714285714285714
1230	56	6	2.76306490779796	1	CTACGACACCGGCCCGTACG	3	0.0535714285714286
1231	56	6	2.76306490779796	1	TACGACACCGGCCCGTACGC	3	0.0535714285714286
1232	56	6	2.76306490779796	1	ACGAGCAGGGCCCGTACGCC	3	0.0535714285714286
1233	56	7	2.81225932747945	1	CGAGAACGGCCCGTACATCG	3	0.0535714285714286
1234	56	7	3.03358977651417	1	GAGAACGGCCCGTACATCGG	3	0.0535714285714286
1235	56	16	2.97564133905281	1	ACAGCGGCCCGTACCACGGC	26	0.464285714285714
1236	56	16	3.25435988935127	1	CAGCGGCCCGTACCACGGCT	21	0.375
1237	56	20	3.56038995358989	1	AGCGGCCCGTACCACGGCTA	19	0.339285714285714
1238	56	16	3.29437929372847	1	GCGGCCCGTACCACGGCTAC	19	0.339285714285714
1239	56	20	3.5049807612203	1	CGGCCCGTACCACGGCTACG	18	0.321428571428571
1240	56	22	3.63182724421602	1	GGCCCGTACCACGGCTACGA	18	0.321428571428571
1241	56	25	3.86974030938065	1	GCCCGTACCACGGCTACGAC	17	0.303571428571429
1242	56	25	3.86974030938065	1	CCCGTACCACGGCTACGACG	17	0.303571428571429
1243	56	25	3.86974030938065	1	CCGTACCACGGCTACGACGG	17	0.303571428571429
1244	56	25	3.86974030938065	1	CGTACCACGGCTACGACGGC	17	0.303571428571429
1245	56	25	3.86974030938065	1	GTACCACGGCTACGACGGCT	17	0.303571428571429
1246	56	27	4.02566853793587	1	TACCACGGCTACGACGGCTT	16	0.285714285714286
1247	56	27	4.02566853793587	1	ACCACGGCTACGACGGCTTC	16	0.285714285714286
1248	56	31	4.27659109325597	1	CCACGGCTACGACGGCTTCG	15	0.267857142857143
1249	56	33	4.3902433785524	1	CACGGCTACGACGGCTTCGC	15	0.267857142857143
1250	56	32	4.32578551293746	1	ACGGCTACGACGGCTTCGCC	15	0.267857142857143
1251	56	34	4.48489320043314	1	CGGCTACGACGGCTTCGCCA	14	0.25
1252	56	35	4.54284163789451	1	GGCTACGACGGCTTCGCCAT	14	0.25
1253	56	36	4.592036057576	1	GCTACGACGGCTTCGCCATC	14	0.25
1254	56	35	4.55632177186171	1	CTACGACGGCTTCGCCATCT	14	0.25
1255	56	35	4.55632177186171	1	TACGACGGCTTCGCCATCTT	14	0.25
1256	56	35	4.55632177186171	1	ACGACGGCTTCGCCATCTTC	14	0.25
1257	56	33	4.40372351251961	1	CGACGGCTTCGCCATCTTCG	15	0.267857142857143
1258	56	33	4.40372351251961	1	GACGGCTTCGCCATCTTCGC	15	0.267857142857143
1259	56	31	4.30533467315663	1	ACGGCTTCGCCATCTTCGCC	15	0.267857142857143
1260	56	33	4.3902433785524	1	CGGCTTCGCCATCTTCGCCC	15	0.267857142857143
1261	56	28	4.06432562787123	1	GGCTTCGCCATCTTCGCCCG	16	0.285714285714286
1262	56	28	4.06432562787123	1	GCTTCGCCATCTTCGCCCGC	16	0.285714285714286
1263	56	28	4.06432562787123	1	CTTCGCCATCTTCGCCCGCG	16	0.285714285714286
1264	56	28	4.06432562787123	1	TTCGCCATCTTCGCCCGCGA	16	0.285714285714286
1265	56	26	3.93022250279397	1	TCGCCATCTTCGCCCGCGAC	16	0.285714285714286
1266	56	28	3.93176887782548	1	CGCCATCTTCGCCCGCGACA	18	0.321428571428571
1267	56	27	3.75319744925406	1	GCCATCTTCGCCCGCGACAT	18	0.321428571428571
1268	56	28	3.81555820587428	1	CCATCTTCGCCCGCGACATG	17	0.303571428571429
1269	56	27	3.92590543487577	1	CATCTTCGCCCGCGACATGG	17	0.303571428571429
1270	56	22	3.56661344547555	1	ATCTTCGCCCGCGACATGGA	19	0.339285714285714
1271	56	23	3.60232773118983	1	TCTTCGCCCGCGACATGGAC	19	0.339285714285714
1272	56	25	3.93171987849229	1	CTTCGCCCGCGACATGGACA	12	0.214285714285714
1273	56	23	3.84164269372062	1	TTCGCCCGCGACATGGACAT	13	0.232142857142857
1274	56	24	3.98542784605676	1	TCGCCCGCGACATGGACATG	11	0.196428571428571
1275	56	25	4.11979253877157	1	CGCCCGCGACATGGACATGG	9	0.160714285714286
1276	56	26	4.15550682448586	1	GCCCGCGACATGGACATGGC	9	0.160714285714286
1277	56	26	4.15550682448586	1	CCCGCGACATGGACATGGCC	9	0.160714285714286
1278	56	33	4.74617774410724	1	CCGCGACATGGACATGGCCA	7	0.125
1279	56	33	4.74617774410724	1	CGCGACATGGACATGGCCAT	7	0.125
1280	56	34	4.79537216378873	1	GCGACATGGACATGGCCATC	7	0.125
1281	56	35	4.83108644950301	1	CGACATGGACATGGCCATCA	7	0.125
1282	56	34	4.79537216378873	1	GACATGGACATGGCCATCAA	7	0.125
1283	56	35	4.8533206012501	1	ACATGGACATGGCCATCAAC	7	0.125
1284	56	37	5.01040509200242	1	CATGGACATGGCCATCAACA	5	0.0892857142857143
1285	56	42	5.25343438618879	1	ATGGACCTGGCCCTGAACAG	3	0.0535714285714286
1286	56	39	5.11933126111152	1	TGGACATGGCCATCAACGGC	3	0.0535714285714286
1287	56	42	5.23995425222158	1	GGACCTGGCCCTGAACAGCC	3	0.0535714285714286
1288	56	41	5.18200581476022	1	GACATGGCCATCAACAGCCC	4	0.0714285714285714
1289	56	41	5.18200581476022	1	ACATGGCCATCAACAGCCCG	4	0.0714285714285714
1290	56	45	5.38753751126605	1	CCTGGCCCTGAACAGCCCGA	3	0.0535714285714286
1291	56	45	5.38753751126605	1	ATGGCCATCAACAACCCGGT	3	0.0535714285714286
1292	56	43	5.25165107422254	1	TGGCCATCAACAACCCGGTG	5	0.0892857142857143
1293	56	42	5.21593678850825	1	GGCCATCAACAACCCGGTGT	5	0.0892857142857143
1294	56	42	5.21593678850825	1	GCCATCAACAACCCGGTGTG	5	0.0892857142857143
1295	56	40	5.14450821707968	1	CCATCAACAACCCGGTGTGG	5	0.0892857142857143
1296	55	47	5.49045062261557	1	CCTGAACAGCCCGACCTGGA	2	0.0363636363636364
1297	51	47	5.51556259687346	1	ATCTACAACCCGGCCTGGAA	2	0.0392156862745098
1298	51	47	5.51556259687346	1	TCAACAACCCGGTGTGGGGC	2	0.0392156862745098
1299	51	48	5.55477828314797	1	CTACAACCCGGCCTGGAAGC	2	0.0392156862745098
