Pos	NumberSpanning	UniqueMers	Entropy	PrimerDeg	PrimerSeq	NumberMatching	FractionMatching
20	49	41	5.2473629053397	1	CCGCGAGGCCCTGACCGTGA	4	0.0816326530612245
21	49	37	5.01043146708589	1	CGCGAGGCCCTGACCGTGAA	5	0.102040816326531
22	49	37	5.01043146708589	1	GCGAGGCCCTGACCGTGAAC	5	0.102040816326531
23	49	38	5.0512477936165	1	CGAGGCCCTGACCGTGAACC	5	0.102040816326531
24	49	36	4.96961514055527	1	GAGGCCCTGACCGTGAACCC	5	0.102040816326531
25	49	31	4.61431086434676	1	AGGCCCTGACCATCAACCCG	6	0.122448979591837
26	49	34	4.76217030307812	1	GGCCCTGACCGTGAACCCGG	6	0.122448979591837
27	49	33	4.6776456204235	1	GCCCTGACCATCAACCCGGC	7	0.142857142857143
28	49	33	4.6776456204235	1	CCCTGACCATCAACCCGGCC	7	0.142857142857143
29	49	32	4.5526873947824	1	CCTGACCATCAACCCGGCCA	9	0.183673469387755
30	49	30	4.44024300693899	1	CTGACCATCAACCCGGCCAA	9	0.183673469387755
31	49	27	4.17964024592132	1	TGACCATCAACCCGGCCAAG	11	0.224489795918367
32	49	29	4.44815352863092	1	GACCATCAACCCGGCCAAGA	7	0.142857142857143
33	49	30	4.63564518184915	1	ACCGTGAACCCGGCCAAGGC	5	0.102040816326531
34	49	29	4.59482885531853	1	CCGTGAACCCGGCCAAGGCC	5	0.102040816326531
35	49	28	4.53860666139683	1	CATCAACCCGGCCAAGACCT	5	0.102040816326531
36	49	25	4.19074173164955	1	ATCAACCCGGCCAAGACCTG	8	0.163265306122449
37	49	25	4.19074173164955	1	TCAACCCGGCCAAGACCTGC	8	0.163265306122449
38	49	25	4.19074173164955	1	CAACCCGGCCAAGACCTGCC	8	0.163265306122449
39	49	22	3.81259224158872	1	AACCCGGCCAAGGCCTGCCA	12	0.244897959183673
40	49	21	3.70879292878912	1	ACCCGGCCAAGGCCTGCCAG	13	0.26530612244898
41	49	21	3.70879292878912	1	CCCGGCCAAGGCCTGCCAGC	13	0.26530612244898
42	49	21	3.70879292878912	1	CCGGCCAAGGCCTGCCAGCC	13	0.26530612244898
43	49	21	3.70879292878912	1	CGGCCAAGGCCTGCCAGCCG	13	0.26530612244898
44	49	24	3.93078967488254	1	GGCCAAGGCCTGCCAGCCGC	13	0.26530612244898
45	49	23	3.84204445966628	1	GCCAAGGCCTGCCAGCCGCT	13	0.26530612244898
46	49	23	3.84204445966628	1	CCAAGGCCTGCCAGCCGCTG	13	0.26530612244898
47	49	18	3.27126246812928	1	CAAGGCCTGCCAGCCGCTGG	16	0.326530612244898
48	49	15	3.0622470435697	1	AAGGCCTGCCAGCCGCTGGG	17	0.346938775510204
49	49	15	3.0622470435697	1	AGGCCTGCCAGCCGCTGGGC	17	0.346938775510204
50	50	15	3.14198451117871	1	GGCCTGCCAGCCGCTGGGCG	16	0.32
51	50	13	2.80618046899068	1	GCCTGCCAGCCGCTGGGCGC	19	0.38
52	50	12	2.5533407619421	1	CCTGCCAGCCGCTGGGCGCC	22	0.44
53	50	13	2.98019373466556	1	CTGCCAGCCGCTGGGCGCCG	14	0.28
54	50	14	3.09701481125244	1	TGCCAGCCGATCGGCGCCAT	14	0.28
55	50	15	3.21701481125244	1	GCCAGCCGATCGGCGCCATG	14	0.28
56	50	17	3.4668193111659	1	CCAGCCGATCGGCGCCATGT	14	0.28
57	50	21	3.93088137993983	1	CAGCCGATCGGCGCCATGTA	9	0.18
58	50	21	3.93088137993983	1	AGCCGATCGGCGCCATGTAC	9	0.18
59	50	19	3.81287868934203	1	GCCGATCGGCGCCATGTACG	9	0.18
60	50	20	3.85287868934203	1	CCGATCGGCGCCATGTACGC	9	0.18
61	50	20	3.85287868934203	1	CGATCGGCGCCATGTACGCC	9	0.18
62	50	24	4.19540850202332	1	GCTGGGCGCCGTGTTCGCCG	7	0.14
63	50	26	4.27540850202332	1	CTGGGCGCCGTGTTCGCCGC	7	0.14
64	50	26	4.27540850202332	1	TCGGCGCCATGTACGCCGCC	7	0.14
65	50	27	4.34760131151206	1	CGGCGCCATGTACGCCGCCC	7	0.14
66	50	26	4.3079764393853	1	GGCGCCATGTACGCCGCCCT	9	0.18
67	50	26	4.3079764393853	1	GCGCCATGTACGCCGCCCTG	9	0.18
68	50	26	4.3079764393853	1	CGCCATGTACGCCGCCCTGG	9	0.18
69	50	26	4.3079764393853	1	GCCATGTACGCCGCCCTGGG	9	0.18
70	50	26	4.3079764393853	1	CCATGTACGCCGCCCTGGGC	9	0.18
71	50	27	4.44553325055685	1	CATGTACGCCGCCCTGGGCA	7	0.14
72	50	28	4.50063100060012	1	ATGTACGCCGCCCTGGGCAT	7	0.14
73	50	25	4.31856293964492	1	TGTACGCCGCCCTGGGCATC	8	0.16
74	50	28	4.50346518960165	1	GTACGCCGCCCTGGGCATCC	8	0.16
75	50	28	4.44637013015618	1	TACGCCGCCCTGGGCATCCA	8	0.16
76	50	28	4.44637013015618	1	ACGCCGCCCTGGGCATCCAC	8	0.16
77	50	33	4.90346518960165	1	CGCCGCCCTGGGCATCCACA	3	0.06
78	50	34	4.88637013015618	1	GCCGCCGTGGGCTTCGAGGG	5	0.1
79	50	34	4.88637013015618	1	CCGCCGTGGGCTTCGAGGGC	5	0.1
80	50	34	4.88637013015618	1	CGCCGTGGGCTTCGAGGGCA	5	0.1
81	50	34	4.87127238011291	1	GCCGTGGGCTTCGAGGGCAC	5	0.1
82	50	34	4.87127238011291	1	CCGTGGGCTTCGAGGGCACC	5	0.1
83	50	34	4.87856293964492	1	CCTGGGCATCCACGGCTGCC	4	0.08
84	50	33	4.83856293964492	1	CTGGGCATCCACGGCTGCCT	4	0.08
85	50	32	4.76637013015618	1	TGGGCTTCGAGGGCACCCTG	5	0.1
86	50	32	4.76637013015618	1	GGGCTTCGAGGGCACCCTGC	5	0.1
87	50	31	4.61366068968819	1	GGCTTCGAGGGCACCCTGCC	8	0.16
88	50	31	4.61366068968819	1	GCTTCGAGGGCACCCTGCCG	8	0.16
89	50	31	4.61366068968819	1	CTTCGAGGGCACCCTGCCGT	8	0.16
90	50	31	4.61366068968819	1	TTCGAGGGCACCCTGCCGTT	8	0.16
91	50	31	4.61366068968819	1	TCGAGGGCACCCTGCCGTTC	8	0.16
92	50	32	4.65366068968819	1	CGAGGGCACCCTGCCGTTCG	8	0.16
93	50	30	4.55856293964491	1	GAGGGCACCCTGCCGTTCGT	8	0.16
94	50	30	4.55856293964492	1	AGGGCACCCTGCCGTTCGTG	8	0.16
95	50	30	4.55856293964492	1	GGGCACCCTGCCGTTCGTGC	8	0.16
96	50	30	4.55856293964492	1	GGCACCCTGCCGTTCGTGCA	8	0.16
97	50	28	4.38063100060012	1	GCACCCTGCCGTTCGTGCAC	8	0.16
98	50	26	4.12437282075398	1	CTGCCTGCCGCACAGCCACG	10	0.2
99	50	22	3.91378632049436	1	TGCCTGCCGCACAGCCACGG	10	0.2
100	50	22	3.91378632049437	1	GCCTGCCGCACAGCCACGGC	10	0.2
101	50	21	3.80488945173324	1	CCTGCCGCACAGCCACGGCA	10	0.2
102	50	21	3.80488945173324	1	CTGCCGCACAGCCACGGCAG	10	0.2
103	50	16	3.29142860536858	1	TGCCGCACAGCCACGGCAGC	14	0.28
104	50	16	3.29142860536858	1	GCCGCACAGCCACGGCAGCC	14	0.28
105	50	13	3.02548698479537	1	CCGCACAGCCACGGCAGCCA	14	0.28
106	50	13	3.02548698479537	1	CGCACAGCCACGGCAGCCAG	14	0.28
107	50	13	3.02548698479537	1	GCACAGCCACGGCAGCCAGG	14	0.28
108	50	12	2.75786394548694	1	TTCGTGCACGGCAGCCAGGG	17	0.34
109	50	11	2.64642831099282	1	TCGTGCACGGCAGCCAGGGC	18	0.36
110	50	10	2.39792574398825	1	CGTGCACGGCAGCCAGGGCT	21	0.42
111	50	8	2.12966775228036	1	GTGCACGGCAGCCAGGGCTG	23	0.46
112	50	8	2.12966775228036	1	TGCACGGCAGCCAGGGCTGC	23	0.46
113	50	11	2.62449845156016	1	GCACGGCAGCCAGGGCTGCG	20	0.4
114	50	10	2.75630026087582	1	CACGGCAGCCAGGGCTGCGT	15	0.3
115	50	10	2.75630026087582	1	ACGGCAGCCAGGGCTGCGTG	15	0.3
116	50	12	3.12127326238556	1	CGGCAGCCAGGGCTGCGTGG	15	0.3
117	50	12	3.13334044106812	1	GGCAGCCAGGGCTGCGTGGC	16	0.32
118	50	12	3.13334044106812	1	GCAGCCAGGGCTGCGTGGCC	16	0.32
119	50	12	3.13334044106812	1	CAGCCAGGGCTGCGTGGCCT	16	0.32
120	50	13	3.21617463006964	1	AGCCAGGGCTGCGTGGCCTA	16	0.32
121	50	13	3.21617463006964	1	GCCAGGGCTGCGTGGCCTAC	16	0.32
122	50	12	3.13617463006964	1	CCAGGGCTGCGTGGCCTACT	16	0.32
123	50	14	3.52107688002637	1	CAGGGCTGCGTGGCCTACTT	8	0.16
124	50	14	3.52107688002637	1	AGGGCTGCGTGGCCTACTAC	8	0.16
125	50	14	3.52107688002637	1	GGGCTGCGTGGCCTACTTCC	8	0.16
126	50	14	3.52107688002637	1	GGCTGCGTGGCCTACTACCG	8	0.16
127	50	14	3.52107688002637	1	GCTGCGTGGCCTACTACCGC	8	0.16
128	50	14	3.52107688002637	1	CTGCGTGGCCTACTTCCGCA	8	0.16
129	50	19	3.96836743955838	1	TGCGTGGCCTACTACCGCAG	8	0.16
130	50	19	3.96836743955838	1	GCGTGGCCTACTACCGCAGC	8	0.16
131	50	26	4.38346518960165	1	CGTGGCCTACTACCGCAGCC	8	0.16
132	50	27	4.44836743955838	1	GTGGCCTACTACCGCAGCCA	8	0.16
133	50	28	4.48836743955838	1	TGGCCTACTACCGCAGCCAC	8	0.16
134	50	32	4.79127238011291	1	GGCCTACTACCGCAGCCACC	5	0.1
135	50	31	4.73617463006964	1	GCCTACTACCGCAGCCACCT	5	0.1
136	50	31	4.73617463006964	1	CCTACTACCGCAGCCACCTG	5	0.1
137	50	33	4.89366068968818	1	CTACCACCGCAGCACCCTGA	4	0.08
138	50	36	5.01366068968819	1	TACCACCGCAGCACCCTGAC	4	0.08
139	50	36	5.01366068968819	1	ACCACCGCAGCACCCTGACC	4	0.08
140	50	35	4.97366068968819	1	CCACCGCAGCACCCTGACCC	4	0.08
141	50	35	4.97366068968819	1	CACCGCAGCACCCTGACCCG	4	0.08
142	50	35	4.97366068968819	1	ACCGCAGCACCCTGACCCGC	4	0.08
143	50	31	4.73366068968819	1	CCGCAGCCACCTGAGCCGCC	4	0.08
144	50	30	4.69366068968819	1	CGCAGCACCCTGACCCGCCA	4	0.08
145	50	30	4.69366068968819	1	GCAGCCACTTCAGCCGCCAC	4	0.08
146	50	30	4.69366068968819	1	CAGCACCCTGACCCGCCACT	4	0.08
147	50	31	4.77366068968819	1	AGCCACCTGAGCCGCCACTT	4	0.08
148	50	31	4.77366068968819	1	GCCACTTCAGCCGCCACTTC	4	0.08
149	50	31	4.75856293964492	1	CCACTTCAGCCGCCACTTCA	4	0.08
150	50	30	4.70346518960165	1	CACCTGAGCCGCCACTTCAA	4	0.08
151	50	29	4.63856293964492	1	CCTTCAACCGCCACTTCCGC	4	0.08
152	50	23	4.28437282075398	1	CCTGACCCGCCACTTCAAGG	5	0.1
153	50	19	3.97134313166592	1	CTGACCCGCCACTTCAAGGA	7	0.14
154	50	21	4.11907957062417	1	TGACCCGCCACTTCAAGGAG	6	0.12
155	50	23	4.21417732066744	1	GACCCGCCACTTCAAGGAGC	6	0.12
156	50	20	3.76191706120917	1	AGCCGCCACTTCAAGGAGCC	9	0.18
157	50	18	3.45906699990781	1	GCCGCCACTTCAAGGAGCCG	9	0.18
158	50	16	3.09050263440193	1	CCGCCACTTCCGCGAGCCGG	17	0.34
159	50	20	3.7700445003405	1	CGCCACTTCCGCGAGCCGGT	9	0.18
160	50	20	3.7700445003405	1	GCCACTTCCGCGAGCCGGTG	9	0.18
161	50	27	4.51856293964492	1	CCACTTCAAGGAGCCGAGCA	4	0.08
162	50	34	4.88836743955838	1	CACTTCAAGGAGCCGAGCAG	4	0.08
163	50	35	4.94346518960165	1	ACTTCAAGGAGCCGAGCAGC	4	0.08
164	50	37	5.06346518960165	1	CTTCAAGGAGCCGACCAGCT	3	0.06
165	50	37	5.06346518960165	1	TTCAAGGAGCCGACCAGCTG	3	0.06
166	50	37	5.06346518960165	1	TCAAGGAGCCGGTGATGGCC	3	0.06
167	50	35	4.95856293964492	1	CAAGGAGCCGGTGATGGCCG	4	0.08
168	50	35	4.95856293964492	1	AAGGAGCCGGTGATGGCCGC	4	0.08
169	50	35	4.95856293964492	1	AGGAGCCGGTGATGGCCGCC	4	0.08
170	50	35	4.95856293964492	1	GGAGCCGGTGATGGCCGCCA	4	0.08
171	50	34	4.91856293964492	1	GAGCCGGTGATGGCCGCCAC	4	0.08
172	50	34	4.91856293964492	1	AGCCGGTGATGGCCGCCACC	4	0.08
173	50	34	4.91856293964492	1	GCCGGTGATGGCCGCCACCA	4	0.08
174	50	35	4.97366068968819	1	CCGGTGATGGCCGCCACCAG	4	0.08
175	50	35	4.97366068968819	1	CGGTGATGGCCGCCACCAGC	4	0.08
176	50	36	5.01366068968819	1	GGTGATGGCCGCCACCAGCA	4	0.08
177	50	36	5.01366068968819	1	GTGATGGCCGCCACCAGCAG	4	0.08
178	50	35	4.93366068968819	1	TGATGGCCGCCACCAGCAGC	4	0.08
179	50	31	4.60353594115466	1	CAGCGCCGTGAGCAGCAGCA	7	0.14
180	50	28	4.46843819111139	1	AGCGCCGTGAGCAGCAGCAT	7	0.14
181	50	26	4.34843819111139	1	GCGCCGTGAGCAGCAGCATG	7	0.14
182	50	24	4.23824269102485	1	CGCCGTGAGCAGCAGCATGA	7	0.14
183	50	25	4.32804719093831	1	GCCGTGAGCAGCAGCATGAC	7	0.14
184	50	23	4.22314494098158	1	CCGTGAGCAGCAGCATGACC	7	0.14
185	50	21	3.87778093929876	1	CGTGAGCAGCAGCATGACCG	12	0.24
186	50	21	3.87778093929876	1	GTGAGCAGCAGCATGACCGA	12	0.24
187	50	18	3.69287868934203	1	TGAGCAGCAGCATGACCGAG	12	0.24
188	50	17	3.53287868934203	1	GAGCAGCAGCATGACCGAGG	12	0.24
189	50	17	3.53287868934203	1	AGCAGCAGCATGACCGAGGA	12	0.24
190	50	17	3.53287868934203	1	GCAGCAGCATGACCGAGGAC	12	0.24
191	50	15	3.44029487968022	1	CAGCAGCATGACCGAGGACG	12	0.24
192	50	16	3.49539262972349	1	AGCAGCATGACCGAGGACGC	12	0.24
193	50	15	3.41738993912568	1	GCAGCATGACCGAGGACGCC	12	0.24
194	50	13	3.02314132331691	1	CAGCATGACCGAGGACGCCG	17	0.34
195	50	13	3.02314132331692	1	AGCATGACCGAGGACGCCGC	17	0.34
196	50	13	3.02314132331692	1	GCATGACCGAGGACGCCGCC	17	0.34
197	50	12	2.96804357327365	1	CATGACCGAGGACGCCGCCG	17	0.34
198	50	12	2.96804357327365	1	ATGACCGAGGACGCCGCCGT	17	0.34
199	50	12	2.96804357327365	1	TGACCGAGGACGCCGCCGTG	17	0.34
200	50	12	2.96804357327365	1	GACCGAGGACGCCGCCGTGT	17	0.34
201	50	12	2.96804357327365	1	ACCGAGGACGCCGCCGTGTT	17	0.34
202	50	12	2.96804357327365	1	CCGAGGACGCCGCCGTGTTC	17	0.34
203	50	10	2.49333882088122	1	CGAGGACGCCGCCGTGTTCG	23	0.46
204	50	10	2.49333882088122	1	GAGGACGCCGCCGTGTTCGG	23	0.46
205	50	10	2.49333882088122	1	AGGACGCCGCCGTGTTCGGC	23	0.46
206	50	10	2.49333882088122	1	GGACGCCGCCGTGTTCGGCG	23	0.46
207	50	10	2.49333882088122	1	GACGCCGCCGTGTTCGGCGG	23	0.46
208	50	9	2.39624376143575	1	ACGCCGCCGTGTTCGGCGGC	23	0.46
209	50	13	2.8291224679125	1	CGCCGCCGTGTTCGGCGGCC	22	0.44
210	50	18	3.51430295147362	1	GCCGCCGTGTTCGGCGGCCT	15	0.3
211	50	17	3.41720789202816	1	CCGCCGTGTTCGGCGGCCTG	15	0.3
212	50	22	3.79430295147362	1	CGCCGTGTTCGGCGGCCTGA	15	0.3
213	50	24	3.97250356146879	1	GCCGTGTTCGGCGGCCTGAA	14	0.28
214	50	25	4.21417732066744	1	CCGTGTTCGGCGGCCTGAAC	10	0.2
215	50	23	4.06198451117871	1	CGTGTTCGGCGGCCTGAACA	10	0.2
216	50	23	4.06198451117871	1	GTGTTCGGCGGCCTGAACAA	10	0.2
217	50	23	4.06198451117871	1	TGTTCGGCGGCCTGAACAAC	10	0.2
218	50	28	4.4279764393853	1	GTTCGGCGGCCTGAACAACA	9	0.18
219	50	28	4.4279764393853	1	TTCGGCGGCCTGAACAACAT	9	0.18
220	50	28	4.4279764393853	1	TCGGCGGCCTGAACAACATG	9	0.18
221	50	32	4.71043550051358	1	CGGCGGCCTGAACAACATGA	7	0.14
222	50	32	4.71043550051358	1	GGCGGCCTGAACAACATGAT	7	0.14
223	50	32	4.71043550051358	1	GCGGCCTGAACAACATGATC	7	0.14
224	50	34	4.82063100060012	1	CGGCCTGAACAACATGATCG	7	0.14
225	50	34	4.82063100060012	1	GGCCTGAACAACATGATCGA	7	0.14
226	50	36	4.99656563024272	1	GCCTGAACAACATGATCGAC	5	0.1
227	50	36	4.99656563024272	1	CCTGAACAACATGATCGACG	5	0.1
228	50	37	5.05166338028599	1	CTGAACAACATGATCGACGG	5	0.1
229	50	36	5.01166338028599	1	TGAACAACATGATCGACGGC	5	0.1
230	50	39	5.13166338028599	1	GAACAACATGATCGACGGCC	5	0.1
231	50	39	5.13166338028599	1	AACAACATGATCGACGGCCT	5	0.1
232	50	39	5.13166338028599	1	ACAACATGATCGACGGCCTG	5	0.1
233	50	38	5.07656563024272	1	CAACATGATCGACGGCCTGG	5	0.1
234	50	40	5.15656563024272	1	AACATGATCGACGGCCTGGC	5	0.1
235	50	40	5.15656563024272	1	ACATGATCGACGGCCTGGCC	5	0.1
236	50	40	5.15656563024272	1	CATGATCGACGGCCTGGCCA	5	0.1
237	50	40	5.15656563024272	1	ATGATCGACGGCCTGGCCAA	5	0.1
238	50	38	5.07656563024272	1	TGATCGACGGCCTGGCCAAC	5	0.1
239	50	40	5.20385618977472	1	GATCGACGGCCTGGCCAACA	4	0.08
240	50	40	5.24385618977473	1	ATCGACGGCCTGGCCAACAG	2	0.04
241	50	40	5.24385618977472	1	TCGACGGCCTGGCCAACACC	2	0.04
242	50	40	5.22875843973145	1	CGAGGGCATCCGCAACCTGG	3	0.06
243	50	36	5.01366068968819	1	GAGGGCATCCGCAACCTGGT	4	0.08
244	50	35	4.95856293964492	1	AGGGCATCCGCAACCTGGTG	4	0.08
245	50	40	5.19856293964492	1	CGCCCTGAAGAACATCTGGG	3	0.06
246	50	42	5.29366068968819	1	GGCCTGGCCAACACCTACAA	3	0.06
247	50	43	5.34875843973146	1	CCCTGAAGAACATCTGGGAG	3	0.06
248	50	45	5.42875843973146	1	CCTGAAGAACATCTGGGAGC	3	0.06
249	50	45	5.42875843973146	1	CTGAAGAACATCTGGGAGCG	3	0.06
250	50	44	5.38875843973146	1	TGAAGAACATCTGGGAGCGC	3	0.06
251	50	44	5.38875843973146	1	GAAGAACATCTGGGAGCGCT	3	0.06
252	50	42	5.29366068968819	1	CGCAACCTGGTGGCCCGCTA	3	0.06
253	50	42	5.29366068968819	1	GCAACCTGGTGGCCCGCTAC	3	0.06
254	50	44	5.37366068968819	1	CAACCTGGTGGCCCGCTACG	3	0.06
255	50	42	5.29366068968819	1	AACCTGGTGGCCCGCTACGA	3	0.06
256	50	43	5.33366068968819	1	ACCTGGTGGCCCGCTACGAC	3	0.06
257	50	42	5.29366068968819	1	CATCTGGGAGCGCTTCCACC	3	0.06
258	50	42	5.29366068968819	1	ATCTGGGAGCGCTTCCACCC	3	0.06
259	50	42	5.29366068968819	1	TCTGGGAGCGCTTCCACCCG	3	0.06
260	50	40	5.17366068968819	1	CTACGCCCTGTACAAGCCGA	4	0.08
261	50	40	5.17366068968819	1	TACGCCCTGTACAAGCCGAA	4	0.08
262	50	41	5.22875843973146	1	ACGCCCTGTACAAGCCGAAG	4	0.08
263	50	42	5.26875843973146	1	CGCCCTGTACAAGCCGAAGA	4	0.08
264	50	41	5.19656563024272	1	GCCCTGTACAAGCCGAAGAT	5	0.1
265	50	38	5.06146788019945	1	CCCTGTACAAGCCGAAGATG	5	0.1
266	50	36	4.86875843973146	1	CCTGTACAAGCCGAAGATGA	8	0.16
267	50	34	4.68437282075398	1	CTGTACAAGCCGAAGATGAT	10	0.2
268	50	34	4.62768348363125	1	TGTACAAGCCGAAGATGATC	11	0.22
269	50	34	4.62768348363125	1	GTACAAGCCGAAGATGATCG	11	0.22
270	50	32	4.54768348363125	1	TACAAGCCGAAGATGATCGC	11	0.22
271	50	32	4.54768348363125	1	ACAAGCCGAAGATGATCGCC	11	0.22
272	50	33	4.58768348363125	1	CAAGCCGAAGATGATCGCCG	11	0.22
273	50	33	4.58768348363125	1	AAGCCGAAGATGATCGCCGT	11	0.22
274	50	31	4.50768348363125	1	AGCCGAAGATGATCGCCGTG	11	0.22
275	50	30	4.60637013015618	1	GCCGAAGATGATCGCCGTGA	6	0.12
276	50	29	4.44437282075398	1	CCGAAGATGATCGCCGTGAG	10	0.2
277	50	29	4.44437282075398	1	CGAAGATGATCGCCGTGAGC	10	0.2
278	50	29	4.44437282075398	1	GAAGATGATCGCCGTGAGCA	10	0.2
279	50	30	4.48437282075398	1	AAGATGATCGCCGTGAGCAC	10	0.2
280	50	29	4.44437282075398	1	AGATGATCGCCGTGAGCACC	10	0.2
281	50	29	4.44437282075398	1	GATGATCGCCGTGAGCACCA	10	0.2
282	50	25	4.19748798354471	1	ATGATCGCCGTGAGCACCAC	11	0.22
283	50	25	4.19748798354471	1	TGATCGCCGTGAGCACCACC	11	0.22
284	50	25	4.19748798354471	1	GATCGCCGTGAGCACCACCT	11	0.22
285	50	22	3.97817193947184	1	ATCGCCGTGAGCACCACCTG	12	0.24
286	50	21	3.88107688002637	1	TCGCCGTGAGCACCACCTGC	12	0.24
287	50	21	3.88107688002637	1	CGCCGTGAGCACCACCTGCA	12	0.24
288	50	18	3.59248768916895	1	GCCGTGAGCACCACCTGCAT	12	0.24
289	50	16	3.43248768916895	1	CCGTGAGCACCACCTGCATG	12	0.24
290	50	15	3.34965350016743	1	CGTGAGCACCACCTGCATGG	12	0.24
291	50	15	3.34965350016743	1	GTGAGCACCACCTGCATGGC	12	0.24
292	50	15	3.34965350016743	1	TGAGCACCACCTGCATGGCC	12	0.24
293	50	15	3.34965350016743	1	GAGCACCACCTGCATGGCCG	12	0.24
294	50	12	3.10586211266862	1	AGCACCACCTGCATGGCCGA	13	0.26
295	50	10	2.74443995464233	1	GCACCACCTGCATGGCCGAG	17	0.34
296	50	10	2.75624176395799	1	CACCACCTGCATGGCCGAGG	17	0.34
297	50	10	2.78895120442598	1	ACCACCTGCATGGCCGAGGT	17	0.34
298	50	10	2.78895120442598	1	CCACCTGCATGGCCGAGGTG	17	0.34
299	50	10	2.62961618745765	1	CACCTGCATGGCCGAGGTGA	17	0.34
300	50	11	2.70180899694639	1	ACCTGCATGGCCGAGGTGAT	17	0.34
301	50	12	2.76671124690312	1	CCTGCATGGCCGAGGTGATC	17	0.34
302	50	11	2.58223615781967	1	CTGCATGGCCGAGGTGATCG	19	0.38
303	50	11	2.58223615781967	1	TGCATGGCCGAGGTGATCGG	19	0.38
304	50	11	2.58223615781967	1	GCATGGCCGAGGTGATCGGC	19	0.38
305	50	11	2.58223615781967	1	CATGGCCGAGGTGATCGGCG	19	0.38
306	50	11	2.58223615781967	1	ATGGCCGAGGTGATCGGCGA	19	0.38
307	50	11	2.58223615781967	1	TGGCCGAGGTGATCGGCGAC	19	0.38
308	50	11	2.58223615781967	1	GGCCGAGGTGATCGGCGACG	19	0.38
309	50	10	2.24033352951433	1	GCCGAGGTGATCGGCGACGA	19	0.38
310	50	10	2.24033352951433	1	CCGAGGTGATCGGCGACGAC	19	0.38
311	50	12	2.68443100159063	1	CGAGGTGATCGGCGACGACC	18	0.36
312	50	11	2.49683276415491	1	GAGGTGATCGGCGACGACCT	20	0.4
313	50	12	2.60077781561436	1	AGGTGATCGGCGACGACCTG	20	0.4
314	50	18	3.59578362989656	1	GGTGATCGGCGACGACCTGA	12	0.24
315	50	22	3.96558812981002	1	GTGATCGGCGACGACCTGAA	9	0.18
316	50	23	4.03778093929876	1	TGATCGGCGACGACCTGAAC	9	0.18
317	50	28	4.47856293964492	1	GATCGGCGACGACCTGAACG	8	0.16
318	50	30	4.53817193947184	1	ATCGGCGACGACCTGAACGC	9	0.18
319	50	30	4.53817193947184	1	TCGGCGACGACCTGAACGCC	9	0.18
320	50	30	4.53817193947184	1	CGGCGACGACCTGAACGCCT	9	0.18
321	50	29	4.49817193947184	1	GGCGACGACCTGAACGCCTT	9	0.18
322	50	29	4.49817193947184	1	GCGACGACCTGAACGCCTTC	9	0.18
323	50	33	4.65817193947184	1	CGACGACCTGAACGCCTTCA	9	0.18
324	50	33	4.65817193947184	1	GACGACCTGAACGCCTTCAT	9	0.18
325	50	33	4.65817193947184	1	ACGACCTGAACGCCTTCATC	9	0.18
326	50	32	4.90875843973146	1	CGACCTGAACGCCTTCATCA	8	0.16
327	50	33	4.99572875064339	1	GACCTGAACGCCTTCATCAA	7	0.14
328	50	34	5.07856293964492	1	ACCTGAACGCCTTCATCAAG	6	0.12
329	50	34	5.07856293964492	1	CCTGAACGCCTTCATCAAGA	6	0.12
330	50	36	5.23856293964492	1	CTGAACGCCTTCATCAAGAA	3	0.06
331	50	37	5.29366068968819	1	TGAACGCCTTCATCAAGACC	3	0.06
332	50	38	5.34875843973146	1	CGAGGCCTTCATCCGCGCCG	3	0.06
333	50	37	5.30875843973146	1	GAGGCCTTCATCCGCGCCGC	3	0.06
334	50	37	5.30875843973146	1	AGGCCTTCATCCGCGCCGCC	3	0.06
335	50	39	5.37366068968819	1	CGCCTTCATCAAGAACGCCC	3	0.06
336	50	39	5.37366068968819	1	GCCTTCATCAAGAACGCCCG	3	0.06
337	50	39	5.37366068968819	1	CCTTCATCCGCGCCGCCCGC	3	0.06
338	50	39	5.34875843973146	1	CTTCATCCGCGCCGCCCGCA	4	0.08
339	50	40	5.40385618977473	1	TTCATCCGCGCCGCCCGCAA	4	0.08
340	50	41	5.44385618977473	1	TCATCCGCGCCGCCCGCAAG	4	0.08
341	50	41	5.44385618977473	1	CATCCGCGCCGCCCGCAAGA	4	0.08
342	50	41	5.44385618977473	1	ATCCGCGCCGCCCGCAAGAA	4	0.08
343	50	42	5.50875843973146	1	TCCGCGCCGCCCGCAAGAAG	3	0.06
344	50	42	5.50875843973146	1	CCGCGCCGCCCGCAAGAAGA	3	0.06
345	50	43	5.54875843973146	1	CGCGCCGCCCGCAAGAAGAT	3	0.06
346	50	43	5.54875843973146	1	GCGCCGCCCGCAAGAAGATC	3	0.06
347	50	42	5.50875843973146	1	CGCCGCCCGCAAGAAGATCG	3	0.06
348	50	42	5.50875843973146	1	GCCGCCCGCAAGAAGATCGC	3	0.06
349	50	42	5.50875843973146	1	CCGCCCGCAAGAAGATCGCC	3	0.06
350	50	42	5.50875843973146	1	CGCCAAGGAGAAGGGCAGCG	3	0.06
351	50	40	5.54875843973146	1	GCCAAGGAGAAGGGCAGCGT	3	0.06
352	50	40	5.54875843973146	1	CCAAGGAGAAGGGCAGCGTG	3	0.06
353	50	39	5.48385618977473	1	CAAGGAGAAGGGCAGCGTGC	4	0.08
354	50	39	5.48385618977473	1	AAGGAGAAGGGCAGCGTGCC	4	0.08
355	50	38	5.44385618977473	1	AGGAGAAGGGCAGCGTGCCG	4	0.08
356	50	39	5.50875843973146	1	GGAGAAGGGCAGCGTGCCGG	3	0.06
357	50	45	5.56385618977473	1	GCCGAGGAGCTGATCGACCC	2	0.04
358	50	45	5.56385618977473	1	CCGAGGAGCTGATCGACCCG	2	0.04
359	50	44	5.52385618977473	1	GAAGGGCAGCGTGCCGCAGG	2	0.04
360	50	44	5.52385618977473	1	GAGGAGCTGATCGACCCGAG	2	0.04
361	50	45	5.56385618977473	1	AGGGCAGCGTGCCGCAGGAC	2	0.04
362	50	33	5.52385618977473	1	GGAGCTGATCGACCCGAGCA	2	0.04
363	50	32	5.48385618977473	1	GAGCTGATCGACCCGAGCAT	2	0.04
364	50	32	5.48385618977473	1	GCAAGATCCCGGAGGGCAAG	2	0.04
365	50	34	5.56385618977473	1	CAGCGTGCCGCAGGACTTCG	2	0.04
366	50	33	5.52385618977473	1	ATCGTGCCGCAGGACTACCC	2	0.04
367	50	33	5.52385618977473	1	TGATCGACCCGAGCATCAAG	2	0.04
368	50	34	5.56385618977473	1	CGTGCCGCAGGACTTCGACG	2	0.04
369	50	32	5.44385618977472	1	ATCGACCCGAGCATCAAGAT	2	0.04
370	50	32	5.44385618977473	1	TCGACCCGAGCATCAAGATC	2	0.04
371	50	34	5.48385618977473	1	CGACCCGAGCATCAAGATCT	2	0.04
372	50	33	5.37366068968819	1	CCGGAGGGCAAGATCGTGAT	3	0.06
373	50	36	5.37366068968819	1	CGGAGGGCAAGATCGTGATC	3	0.06
374	50	37	5.42875843973146	1	CCCGAGCATCAAGATCTGCG	2	0.04
375	50	36	5.38875843973146	1	CCGAGCATCAAGATCTGCGC	2	0.04
376	50	34	5.26875843973146	1	AGGGCAAGATCGTGATCCAC	2	0.04
377	50	35	5.40385618977473	1	GACCATCCCGATCCTGAGCG	2	0.04
378	50	31	5.13366068968819	1	GACTTCCCGGTGCCGTTCGC	3	0.06
379	50	31	5.13366068968819	1	ACTTCCCGGTGCCGTTCGCC	3	0.06
380	50	31	5.13366068968819	1	CTTCCCGGTGCCGTTCGCCC	3	0.06
381	50	37	5.05366068968819	1	TTCCCGGTGCCGTTCGCCCA	4	0.08
382	50	37	5.05366068968819	1	TCCCGGTGCCGTTCGCCCAC	4	0.08
383	50	36	4.95656563024272	1	CGACGTGCCGTTCGCCCACA	5	0.1
384	50	35	4.88437282075398	1	GACGTGCCGTTCGCCCACAC	5	0.1
385	50	32	4.72637013015618	1	ACGTGCCGTTCGCCCACACC	6	0.12
386	50	32	4.72637013015618	1	CGTGCCGTTCGCCCACACCC	6	0.12
387	50	28	4.33258573358798	1	GTGCCGTTCGCCCACACCCC	11	0.22
388	50	27	4.29258573358798	1	TGCCGTTCGCCCACACCCCG	11	0.22
389	50	29	4.58146788019945	1	GCCGTTCGCCCACACCCCGG	6	0.12
390	50	27	4.44637013015618	1	CCGTTCGCCCACACCCCGGC	6	0.12
391	50	26	4.37417732066744	1	CGTTCGCCCACACCCCGGCC	6	0.12
392	50	26	4.37417732066744	1	GTTCGCCCACACCCCGGCCT	6	0.12
393	50	24	4.24107688002637	1	TTCGCCCACACCCCGGCCTT	6	0.12
394	50	23	4.20107688002637	1	ACGCCAACACCCCGAGCTAC	6	0.12
395	50	22	4.01334044106812	1	CGCCCACACCCCGGCCTTCG	8	0.16
396	50	24	4.14063100060012	1	GCCCACACCCCGGCCTTCGT	8	0.16
397	50	24	4.16553325055685	1	CCCACACCCCGGCCTTCGTG	8	0.16
398	50	21	3.96024000042704	1	CCACACCCCGGCCTTCGTGG	8	0.16
399	50	22	4.00024000042704	1	CACACCCCGGCCTTCGTGGG	8	0.16
400	50	20	3.85817193947184	1	ACACCCCGAGCTTCGTGGGC	8	0.16
401	50	16	3.50719443903915	1	CACCCCGAGCTACGTGGGCA	9	0.18
402	50	19	3.7439818205809	1	ACCCCGAGCTTCGTGGGCAG	10	0.2
403	50	20	3.79907957062417	1	CCCCGAGCTTCGTGGGCAGC	10	0.2
404	50	19	3.71624538162265	1	CCCGAGCTTCGTGGGCAGCC	10	0.2
405	50	19	3.71624538162265	1	CCGAGCTTCGTGGGCAGCCA	10	0.2
406	50	20	3.75624538162265	1	CGAGCTTCGTGGGCAGCCAC	10	0.2
407	50	23	4.25417732066744	1	GAGCTTCGTGGGCAGCCACG	5	0.1
408	50	24	4.31907957062417	1	AGCTTCGTGGGCAGCCACAT	5	0.1
409	50	24	4.31907957062417	1	GCTTCGTGGGCAGCCACATC	5	0.1
410	50	25	4.27127238011291	1	CTTCGTGGGCAGCCACATCA	8	0.16
411	50	27	4.37617463006964	1	TTCGTGGGCAGCCACATCAC	8	0.16
412	50	27	4.37617463006964	1	TCGTGGGCAGCCACATCACC	8	0.16
413	50	25	4.03748798354471	1	CGTGGGCAGCCACATCACCG	11	0.22
414	50	25	4.03748798354471	1	GTGGGCAGCCACATCACCGG	11	0.22
415	50	25	4.03748798354471	1	TGGGCAGCCACATCACCGGC	11	0.22
416	50	22	3.85180373324182	1	GGGCAGCCACATCACCGGCT	11	0.22
417	50	25	4.28024000042704	1	GGCAGCCACATCACCGGCTA	7	0.14
418	50	25	4.28024000042704	1	GCAGCCACATCACCGGCTAC	7	0.14
419	50	29	4.56553325055685	1	CAGCCACATCACCGGCTACG	7	0.14
420	50	30	4.64836743955838	1	AGCCACATCACCGGCTACGA	6	0.12
421	50	30	4.64836743955838	1	GCCACATCACCGGCTACGAC	6	0.12
422	50	28	4.45366068968819	1	CCACATCACCGGCTACGACA	8	0.16
423	50	31	4.59856293964492	1	CACATCACCGGCTACGACAA	8	0.16
424	50	31	4.59856293964492	1	ACATCACCGGCTACGACAAC	8	0.16
425	50	33	4.78346518960165	1	CATCACCGGCTACGACAACA	6	0.12
426	50	35	4.90146788019945	1	ATCACCGGCTACGACAACAT	5	0.1
427	50	35	4.90146788019945	1	TCACCGGCTACGACAACATG	5	0.1
428	50	41	5.26875843973146	1	CACCGGCTTCGACAACTTCC	3	0.06
429	50	35	4.98346518960165	1	ACCGGCTTCAGCAACATGGT	3	0.06
430	50	33	4.90346518960165	1	CCGGCTTCGACAACTTCCTG	3	0.06
431	50	38	5.14875843973146	1	CGGCTTCGACAACTTCCTGA	3	0.06
432	50	39	5.17366068968819	1	GGCTACGACAACATGATGAA	3	0.06
433	50	39	5.17366068968819	1	GCTACGACAACATGATGAAG	3	0.06
434	50	40	5.21366068968819	1	CTACGACAACGCCAGCAAGG	3	0.06
435	50	40	5.21366068968819	1	TACGACAACGCCAGCAAGGC	3	0.06
436	50	40	5.21366068968819	1	ACGACAACGCCAGCAAGGCC	3	0.06
437	50	41	5.25366068968819	1	CGACAACATGATGAAGGGCA	3	0.06
438	50	42	5.30875843973146	1	GACAACATGATGAAGGGCAT	3	0.06
439	50	42	5.30875843973146	1	ACAACATGATGAAGGGCATC	3	0.06
440	50	42	5.30875843973146	1	CAACATGATGAAGGGCATCC	3	0.06
441	50	43	5.34875843973146	1	AACATGATGAAGGGCATCCT	3	0.06
442	50	43	5.34875843973146	1	ACATGATGAAGGGCATCCTG	3	0.06
443	50	42	5.30875843973146	1	CATGATGAAGGGCATCCTGA	3	0.06
444	50	42	5.30875843973146	1	ATGATGAAGGGCATCCTGAG	3	0.06
445	50	42	5.30875843973146	1	TGATGAAGGGCATCCTGAGC	3	0.06
446	50	45	5.44385618977473	1	GATGAAGGGCATCCTGAGCA	2	0.04
447	50	45	5.44385618977473	1	GTGAAGGCCTTCTTCCAGTA	2	0.04
448	50	44	5.40385618977473	1	TGAAGGAGATCGCCCTGAAC	2	0.04
449	50	45	5.44385618977473	1	GAAGGGCGTGGTGGAGCACT	2	0.04
450	50	45	5.44385618977473	1	AAGGCCATCGTGGACACCCT	2	0.04
451	50	43	5.40385618977473	1	AGGGCGTGGTGGAGCACTTC	2	0.04
452	50	44	5.44385618977473	1	GGCCTTCTTCCAGTACTTCA	2	0.04
453	50	43	5.40385618977473	1	GCCTTCTTCCAGTACTTCAC	2	0.04
454	50	41	5.34875843973146	1	GCATCCTGAGCAACCTGACC	3	0.06
455	50	41	5.34875843973146	1	CATCCTGAGCAACCTGACCG	3	0.06
456	50	42	5.40385618977473	1	ATCGTGGACACCCTGGCCGA	2	0.04
457	50	40	5.40385618977473	1	TCCTGAGCAACCTGACCGAG	2	0.04
458	50	40	5.40385618977473	1	CGCCCTGAACCTGCCGGACC	2	0.04
459	50	40	5.40385618977473	1	CTGGAGAACTTCTGGAAGGA	2	0.04
460	50	40	5.40385618977473	1	TGGAGAACTTCTGGAAGGAC	2	0.04
461	50	40	5.44385618977473	1	GGAGCACTTCTGGGACGGCA	2	0.04
462	50	40	5.44385618977473	1	AGCAACCTGACCGAGGGCAA	2	0.04
463	50	39	5.40385618977473	1	TGAACCTGCCGGACCGCCGC	2	0.04
464	50	37	5.48385618977473	1	GAACCTGCCGGACCGCCGCA	2	0.04
465	50	36	5.44385618977473	1	AACCTGACCGAGGGCAAGAA	2	0.04
466	50	35	5.38875843973146	1	ACTTCTGGGACGGCAAGGCC	3	0.06
486	50	37	5.46875843973146	1	GACCAACGGCAAGATCAACA	3	0.06
487	50	40	5.46875843973146	1	ACCAACGGCAAGATCAACAT	3	0.06
488	50	40	5.46875843973146	1	CCAACGGCAAGATCAACATC	3	0.06
489	50	38	5.32385618977473	1	CAACGGCAAGATCAACATCA	4	0.08
490	50	37	5.28385618977473	1	AACGGCAAGATCAACATCAT	4	0.08
491	50	37	5.28385618977473	1	ACGGCAAGATCAACATCATC	4	0.08
492	50	43	5.30875843973146	1	CGGCAAGATCAACATCATCC	4	0.08
493	50	43	5.30875843973146	1	GGCAAGATCAACATCATCCC	4	0.08
494	50	42	5.26875843973146	1	GCAAGATCAACATCATCCCG	4	0.08
495	50	39	5.11656563024272	1	CAAGATCAACATCATCCCGG	5	0.1
496	50	35	4.91856293964492	1	AAGATCAACATCATCCCGGG	6	0.12
497	50	32	4.68353594115465	1	AGATCAACATCATCCCGGGC	7	0.14
498	50	34	4.76353594115465	1	GATCAACATCATCCCGGGCT	7	0.14
499	50	34	4.77366068968819	1	ATCAACATCATCCCGGGCTT	8	0.16
500	50	20	4.95572875064339	1	TCAACATCATCCCGGGCTGG	3	0.06
501	50	19	5.09366068968819	1	CAACATCATCCCGGGCTGGG	4	0.08
502	50	17	5.09166338028599	1	AACATCATCCCGGGCTGGGT	4	0.08
503	50	17	5.09166338028599	1	ACATCATCCCGGGCTGGGTG	4	0.08
504	50	19	5.19656563024272	1	CATCATCCCGGGCTGGGTGA	3	0.06
505	50	19	5.29366068968819	1	ATCATCCCGGGCTGGGTGAA	3	0.06
506	50	18	5.15856293964492	1	TCATCCCGGGCTGGGTGAAC	3	0.06
507	50	18	5.15856293964492	1	CATCCCGGGCTGGGTGAACC	3	0.06
508	50	15	5.01366068968819	1	ATCCCGGGCTTCGTGGAGCC	4	0.08
509	50	15	5.01366068968819	1	TCCCGGGCTTCGTGGAGCCG	4	0.08
510	50	16	5.07856293964492	1	CCCGGGCTTCGTGGAGCCGG	3	0.06
511	50	14	4.96836743955838	1	CCGGGCTGGGTGAACCCGGG	3	0.06
512	50	14	4.96836743955838	1	CGGGCATCGTGAACCCGGGC	3	0.06
513	50	14	4.96836743955838	1	GGGCTGGGTGAACCCGGGCG	3	0.06
514	50	14	4.80836743955838	1	GGCTTCGTGAACCCGGGCGA	3	0.06
515	50	14	4.80836743955838	1	GCATCGTGAACCCGGGCGAC	3	0.06
516	50	14	4.91326968951511	1	CATCGTGAACCCGGGCGACA	3	0.06
517	50	14	5.04836743955838	1	TTCGTGAACCCGGGCGACAT	3	0.06
518	50	15	5.08836743955838	1	GGGTGAACCCGGGCGACATC	3	0.06
519	50	27	4.96836743955838	1	CGTGAACCCGGGCGACATCC	6	0.12
520	50	25	4.88836743955838	1	GTGAACCCGGGCGACATCCG	6	0.12
521	50	24	4.82346518960165	1	TGAACCCGGGCGACATCCGC	6	0.12
522	50	24	4.84836743955838	1	GAACCCGGGCGACATCCGCG	6	0.12
523	50	23	4.71127238011291	1	AACCCGGGCGACATCCGCGA	6	0.12
524	50	22	4.58843819111139	1	ACCCGGGCGACATCCGCGAG	7	0.14
525	50	27	4.90146788019945	1	CCCGGGCGACATCCTGGAGA	5	0.1
526	50	32	4.71907957062418	1	CCGGGCGACATCCGCGAGAT	5	0.1
527	50	31	4.66398182058091	1	CGGGCGACATCCGCGAGATC	5	0.1
528	50	33	4.81617463006964	1	GGGCGACATCCTGGAGATCA	5	0.1
529	50	32	4.76107688002637	1	GGCGACATCCTGGAGATCAA	5	0.1
530	50	31	4.64107688002637	1	GCGACATGCGCGAGATCAAG	6	0.12
531	50	28	4.47127238011291	1	CGACATGCGCGAGATCAAGC	6	0.12
532	50	29	4.55127238011291	1	GACATGCGCGAGATCAAGCG	6	0.12
533	50	28	4.49617463006964	1	ACATGCGCGAGATCAAGCGC	6	0.12
534	50	33	4.80637013015618	1	CATCCTGGAGATCAAGCGCA	5	0.1
535	50	33	4.80637013015618	1	ATCCTGGAGATCAAGCGCAT	5	0.1
536	50	34	4.82063100060012	1	TGCGCGAGATCAAGCGCATC	7	0.14
537	50	38	5.07656563024272	1	GCGCGAGATCAAGCGCATCG	5	0.1
538	50	38	5.13366068968819	1	CGCGAGATCAAGCGCATCGC	3	0.06
539	50	38	5.13366068968818	1	GCGAGATCAAGCGCATCGCC	3	0.06
540	50	43	5.36385618977473	1	GGAGATCAAGCGCATGCTGA	2	0.04
541	50	45	5.44385618977473	1	GAGCTGAAGCACATGCTGCG	2	0.04
542	50	46	5.48385618977473	1	AGATCAAGCGCATCCTGAGC	2	0.04
543	50	46	5.48385618977473	1	GATCAAGCGCATCCTGGACA	2	0.04
544	50	46	5.48385618977473	1	CTGAAGCACATGCTGCGCGA	2	0.04
545	50	46	5.48385618977473	1	TCAAGCGCATCCTGAGCATC	2	0.04
546	50	46	5.48385618977473	1	GAAGCGCATGCTGGGCCTGA	2	0.04
547	50	46	5.48385618977473	1	AAGCGCATCCTGGACATGTT	2	0.04
548	50	42	5.48385618977473	1	AGCGCATGCTGGGCCTGATG	2	0.04
549	50	42	5.48385618977473	1	GCGCATCCTGAGCATCATGG	2	0.04
550	50	42	5.48385618977473	1	CACATGCTGCGCGAGATGGG	2	0.04
551	50	42	5.48385618977473	1	ACATGCTGCGCGAGATGGGC	2	0.04
552	50	42	5.48385618977473	1	CATGCTGGGCCTGATGGGCG	2	0.04
553	50	42	5.48385618977473	1	ATGCTGGGCCTGATGGGCGT	2	0.04
554	50	42	5.48385618977473	1	TCCTGAGCATCATGGGCATC	2	0.04
555	50	44	5.56385618977473	1	GCTGCGCGAGATGGGCCTGC	2	0.04
556	50	44	5.56385618977473	1	CTGCGCGAGATGGGCCTGCA	2	0.04
557	50	43	5.50875843973146	1	TGCGCGAGATGGGCCTGCAC	3	0.06
558	50	43	5.50875843973146	1	GCGCGAGATGGGCCTGCACG	3	0.06
559	50	43	5.50875843973146	1	CGCGAGATGGGCCTGCACGG	3	0.06
560	50	43	5.45366068968819	1	GCGAGATGGGCCTGCACGGC	3	0.06
561	50	43	5.45366068968819	1	CGAGATGGGCCTGCACGGCC	3	0.06
562	50	43	5.45366068968819	1	GAGATGGGCCTGCACGGCCT	3	0.06
563	50	42	5.41366068968819	1	AGATGGGCCTGCACGGCCTG	3	0.06
564	50	42	5.46875843973146	1	GATGGGCCTGCACGGCCTGT	3	0.06
565	50	42	5.46875843973146	1	ATGGGCCTGCACGGCCTGTG	3	0.06
566	50	42	5.46875843973146	1	TGGGCCTGCACGGCCTGTGG	3	0.06
567	50	48	5.56385618977473	1	GGGCCTGCACGGCCTGTGGA	2	0.04
568	50	48	5.56385618977473	1	GGCCTGCACGGCCTGTGGAT	2	0.04
569	50	48	5.56385618977473	1	GCGAGGACTACAGCGTGCTG	2	0.04
570	50	48	5.56385618977473	1	CCTGCACGGCCTGTGGATCA	2	0.04
571	50	48	5.56385618977473	1	CTGCACGGCCTGTGGATCAC	2	0.04
572	50	48	5.56385618977473	1	TGCACGGCCTGTGGATCACC	2	0.04
573	50	48	5.56385618977473	1	GGACTACAGCGTGCTGTTCG	2	0.04
574	50	47	5.50875843973146	1	GACTACAGCGTGCTGTTCGA	3	0.06
575	50	47	5.50875843973146	1	ACTACAGCGTGCTGTTCGAC	3	0.06
576	50	47	5.50875843973146	1	CTACAGCGTGCTGTTCGACA	3	0.06
577	50	47	5.50875843973146	1	TACAGCGTGCTGTTCGACAT	3	0.06
578	50	47	5.50875843973146	1	ACAGCGTGCTGTTCGACATC	3	0.06
579	50	43	5.34875843973146	1	CAGCGTGCTGTTCGACATCA	3	0.06
580	50	43	5.34875843973146	1	AGCGTGCTGTTCGACATCAG	3	0.06
581	50	43	5.34875843973146	1	GCGTGCTGTTCGACATCAGC	3	0.06
582	50	42	5.28385618977473	1	CGTGCTGTTCGACATCAGCG	4	0.08
583	50	42	5.28385618977473	1	GTGCTGTTCGACATCAGCGA	4	0.08
584	50	41	5.28385618977473	1	TGTTCCCGGACACCACCGAC	2	0.04
585	50	42	5.32385618977473	1	GCTGACCGACACCAGCGACC	2	0.04
586	50	41	5.25366068968819	1	CTGTTCGACATCAGCGAGAC	3	0.06
587	50	40	5.21366068968819	1	TGACCGACACCAGCGACCCG	3	0.06
588	50	43	5.33366068968819	1	GTTCGACATCAGCGAGACCC	3	0.06
589	50	37	5.07856293964492	1	ACCGACACCAGCGACCCGTT	3	0.06
590	50	36	5.02346518960165	1	TCGACATCAGCGAGACCCTG	3	0.06
591	50	35	4.95856293964492	1	CGACAACAGCGACGTGTGGG	4	0.08
592	50	35	4.95856293964492	1	GACAACAGCGACGTGTGGGA	4	0.08
593	50	35	4.95856293964492	1	ACAACAGCGACGTGTGGGAC	4	0.08
594	50	38	5.07856293964492	1	CAACAGCGACGTGTGGGACA	4	0.08
595	50	39	5.11856293964492	1	AACAGCGACGTGTGGGACAC	4	0.08
596	50	38	5.07856293964492	1	ACAGCGACGTGTGGGACACC	4	0.08
597	50	37	5.03856293964492	1	CAGCGACGTGTGGGACACCC	4	0.08
598	50	35	4.94346518960165	1	AGCGACGTGTGGGACACCCC	4	0.08
599	50	35	4.94346518960165	1	GCGACGTGTGGGACACCCCG	4	0.08
600	50	36	5.00836743955838	1	CGACCCGTTCGACAGCCCGC	3	0.06
601	50	35	4.96836743955838	1	GACCAGTTCGACACCCCGAG	3	0.06
602	50	35	4.96836743955838	1	AGACCCTGTACCAGCCGCTG	3	0.06
603	50	28	4.98346518960165	1	CCAGTTCGACACCCCGAGCG	3	0.06
604	50	28	4.98346518960165	1	ACCCTGGACGGCGGCTACTA	3	0.06
605	50	28	4.98346518960165	1	AGTTCGACACCCCGAGCGAC	3	0.06
606	50	28	5.02875843973145	1	GTTCGACACCCCGAGCGACG	4	0.08
607	50	28	5.02875843973146	1	TTCGACACCCCGAGCGACGG	4	0.08
608	50	29	5.14875843973146	1	TCGACACCCCGAGCGACGGC	4	0.08
609	50	33	5.32385618977472	1	CGACACCCCGAGCGACGGCG	4	0.08
610	50	32	5.26875843973146	1	GACACCCCGAGCGACGGCGA	4	0.08
611	50	33	5.30875843973146	1	ACACCCCGAGCGACGGCGAG	4	0.08
612	50	33	5.30875843973146	1	CACCCCGAGCGACGGCGAGT	4	0.08
613	50	33	5.30875843973146	1	ACCCCGAGCGACGGCGAGTT	4	0.08
614	50	32	5.26875843973146	1	CCCCGAGCGACGGCGAGTTC	4	0.08
615	50	31	5.22875843973146	1	CCCGAGCGACGGCGAGTTCC	4	0.08
616	50	31	5.22875843973146	1	CCGAGCGACGGCGAGTTCCG	4	0.08
617	50	32	5.26875843973146	1	CGAGCGACGGCGAGTTCCGC	4	0.08
618	50	33	5.30875843973146	1	GAGCGACGGCGAGTTCCGCA	4	0.08
619	50	33	5.30875843973146	1	AGCGACGGCGAGTTCCGCAT	4	0.08
620	50	32	5.26875843973146	1	GCGACGGCGAGTTCCGCATG	4	0.08
621	50	30	5.11856293964492	1	CGACGGCGAGTTCCGCATGT	6	0.12
622	50	42	5.29166338028599	1	GACGGCGAGTTCCGCATGTA	5	0.1
623	50	42	5.29166338028599	1	ACGGCGAGTTCCGCATGTAC	5	0.1
624	50	42	5.29166338028599	1	CGGCGAGTTCCGCATGTACG	5	0.1
625	50	43	5.36385618977473	1	GGCGAGTTCCGCATGTACGA	4	0.08
626	50	18	5.30875843973146	1	GCGAGTTCCGCATGTACGAC	4	0.08
627	50	18	5.30875843973146	1	CGAGTTCCGCATGTACGACG	4	0.08
628	50	18	5.26875843973146	1	GAGTTCCGCATGTACGACGG	4	0.08
629	50	16	5.15656563024272	1	AGTTCCGCATGTACGACGGC	5	0.1
630	50	16	5.15656563024272	1	GTTCCGCATGTACGACGGCG	5	0.1
631	50	14	4.99572875064339	1	TTCCGCATGTACGACGGCGG	7	0.14
632	50	14	4.99572875064339	1	TCCGCATGTACGACGGCGGC	7	0.14
633	50	13	4.98063100060012	1	CCGCATGTACGACGGCGGCA	7	0.14
634	50	13	4.91572875064339	1	CGCATGTACGACGGCGGCAC	7	0.14
635	50	12	4.79572875064339	1	GCATGTACGACGGCGGCACC	7	0.14
636	50	14	4.99856293964492	1	CATGTACGACGGCGGCACCA	6	0.12
637	50	16	5.17366068968819	1	ATGTACGACGGCGGCACCAC	3	0.06
638	50	15	5.09366068968819	1	TGTACGACGGCGGCACCACC	3	0.06
639	50	15	5.25366068968819	1	GTACGACGGCGGCACCACCC	3	0.06
640	50	14	5.10346518960165	1	TACCCGGGCGGCACCAAGCT	3	0.06
641	50	14	5.10346518960165	1	ACCCGGGCGGCACCCCGCTG	3	0.06
642	50	14	5.10346518960165	1	CCCGGGCGGCACCCCGCTGG	3	0.06
643	50	15	5.25366068968819	1	GACGGCGGCACCACCCTGGA	3	0.06
644	50	15	5.21366068968819	1	CGGGCGGCACCAAGCTGGAG	3	0.06
645	50	40	5.21366068968819	1	GGGCGGCACCAAGCTGGAGG	3	0.06
646	50	37	5.02146788019945	1	GGCGGCACCAAGCTGGAGGA	5	0.1
647	50	39	5.10146788019945	1	GCGGCACCAAGCTGGAGGAC	5	0.1
648	50	41	5.19656563024272	1	CGGCACCAAGCTGGAGGACG	5	0.1
649	50	43	5.30875843973146	1	GGCACCAAGCTGGAGGACGC	4	0.08
650	50	44	5.34875843973146	1	GCACCAAGCTGGAGGACGCC	4	0.08
651	50	44	5.34875843973146	1	CACCAAGCTGGAGGACGCCG	4	0.08
652	50	45	5.40385618977473	1	ACCAAGCTGGAGGACGCCGC	4	0.08
653	50	45	5.40385618977473	1	CCAAGCTGGAGGACGCCGCC	4	0.08
654	50	45	5.40385618977473	1	CAAGCTGGAGGACGCCGCCG	4	0.08
655	50	45	5.40385618977473	1	AAGCTGGAGGACGCCGCCGA	4	0.08
656	50	46	5.44385618977473	1	AGCTGGAGGACGCCGCCGAC	4	0.08
657	50	45	5.37166338028599	1	GCTGGAGGACGCCGCCGACA	5	0.1
658	50	44	5.33166338028599	1	CTGGAGGACGCCGCCGACAG	5	0.1
659	50	44	5.33166338028599	1	TGGAGGACGCCGCCGACAGC	5	0.1
660	50	45	5.40385618977473	1	GGAGGACGCCGCCGACAGCA	4	0.08
661	50	44	5.36385618977473	1	GAGGACGCCGCCGACAGCAT	4	0.08
662	50	44	5.36385618977473	1	AGGACGCCGCCGACAGCATC	4	0.08
663	50	43	5.32385618977473	1	GGACGCCGCCGACAGCATCA	4	0.08
664	50	45	5.40385618977473	1	GACGCCGCCGACAGCATCAA	4	0.08
665	50	45	5.40385618977473	1	ACGCCGCCGACAGCATCAAC	4	0.08
666	50	45	5.40385618977473	1	CGCCGCCGACAGCATCAACG	4	0.08
667	50	45	5.44385618977473	1	GCCGCCAACGCCATCCACGC	2	0.04
668	50	45	5.44385618977473	1	TGCGCGCCGCCCTGAACGCC	2	0.04
669	50	46	5.48385618977473	1	CGCCGACAGCATCAACGGCA	2	0.04
670	50	46	5.48385618977473	1	GCCGACAGCATCAACGCCGA	2	0.04
671	50	45	5.44385618977473	1	CCAACGCCATCCACGCCAAG	2	0.04
672	50	45	5.44385618977473	1	CGACAGCATCAACGGCAAGG	2	0.04
673	50	47	5.52385618977473	1	GCCGCCCTGAACGCCAAGGC	2	0.04
674	50	47	5.52385618977473	1	ACAGCGCCAACAGCCTGGGC	2	0.04
675	50	46	5.46875843973146	1	CAGCAGCAAGAGCCTGGCCA	3	0.06
676	50	45	5.42875843973146	1	AGCAGCAAGAGCCTGGCCAC	3	0.06
677	50	44	5.37366068968819	1	GCGCCAACAGCCTGGGCACC	3	0.06
678	50	45	5.41366068968819	1	CAGCAAGAGCCTGGCCACCA	3	0.06
679	50	45	5.41366068968819	1	AGCAAGAGCCTGGCCACCAT	3	0.06
680	50	45	5.41366068968819	1	GCAAGAGCCTGGCCACCATC	3	0.06
681	50	46	5.46875843973146	1	CAAGAGCCTGGCCACCATCG	3	0.06
682	50	46	5.46875843973146	1	AAGAGCCTGGCCACCATCGC	3	0.06
683	50	45	5.42875843973146	1	AGAGCCTGGCCACCATCGCC	3	0.06
684	50	47	5.50875843973146	1	GAGCCTGGCCACCATCGCCC	3	0.06
685	50	47	5.50875843973146	1	AGCCTGGCCACCATCGCCCT	3	0.06
686	50	47	5.50875843973146	1	GCCTGGCCACCATCGCCCTG	3	0.06
687	50	46	5.46875843973146	1	CCTGGCCACCATCGCCCTGC	3	0.06
688	50	46	5.46875843973146	1	CTGGCCACCATCGCCCTGCA	3	0.06
689	50	45	5.42875843973146	1	TGGCCACCATCGCCCTGCAG	3	0.06
690	50	47	5.50875843973146	1	GGCCACCATCGCCCTGCAGC	3	0.06
691	50	47	5.50875843973146	1	GCCACCATCGCCCTGCAGCG	3	0.06
692	50	46	5.46875843973146	1	CCACCATCGCCCTGCAGCGC	3	0.06
693	50	44	5.37366068968819	1	GACCCTGGCCCTGGGCAGCT	3	0.06
694	50	47	5.50875843973146	1	ACCATCGCCCTGCAGCGCCA	3	0.06
695	50	47	5.50875843973146	1	CCATCGCCCTGCAGCGCCAC	3	0.06
696	50	48	5.56385618977473	1	CATCGCCCTGCAGCGCCACA	2	0.04
697	50	48	5.56385618977473	1	ATCGCCCTGCAGCGCCACAT	2	0.04
698	50	47	5.52385618977473	1	TCGCCCTGCAGCGCCACATC	2	0.04
699	50	47	5.52385618977473	1	CAGCATGCAGGAGTACTGCA	2	0.04
700	50	45	5.42875843973146	1	AGCATGCAGGAGTACTGCAC	3	0.06
701	50	45	5.42875843973146	1	GCATGCAGGAGTACTGCACC	3	0.06
702	50	44	5.38875843973146	1	CATGCAGGAGTACTGCACCG	3	0.06
703	50	44	5.38875843973146	1	ATGCAGGAGTACTGCACCGA	3	0.06
704	50	44	5.38875843973146	1	TGCAGGAGTACTGCACCGAG	3	0.06
705	50	43	5.46875843973146	1	GCAGGAGTACTGCACCGAGA	3	0.06
706	50	42	5.42875843973146	1	CAGGAGTACTGCACCGAGAA	3	0.06
707	50	42	5.42875843973146	1	AGGAGTACTGCACCGAGAAG	3	0.06
708	50	42	5.42875843973146	1	GGAGTACTGCACCGAGAAGA	3	0.06
709	50	42	5.42875843973146	1	GAGTACTGCACCGAGAAGAC	3	0.06
710	50	42	5.42875843973146	1	AGTACTGCACCGAGAAGACC	3	0.06
711	50	41	5.40385618977473	1	CCACATCGGCGGCGAGGCCG	2	0.04
712	50	40	5.34875843973146	1	CACGCCGGCGGCAGCGGCGC	3	0.06
713	50	40	5.34875843973146	1	ACGCCGGCGGCAGCGGCGCC	3	0.06
714	50	41	5.38875843973146	1	CGCCGGCGGCGCCGGCGCCC	3	0.06
715	50	42	5.42875843973146	1	GCCGGCGGCGCCGGCGCCCT	3	0.06
716	50	42	5.42875843973146	1	CCGGCGGCGCCGGCGCCCTG	3	0.06
717	50	43	5.48385618977473	1	CACCCCGAAGACCCTGGAGT	2	0.04
718	50	46	5.60385618977473	1	GGCGGCAGCGGCGCCGTGTT	2	0.04
719	50	46	5.60385618977473	1	GCGGCAGCGGCGCCGTGTTC	2	0.04
720	50	46	5.60385618977473	1	CGGCAGCGGCGCCGTGTTCC	2	0.04
721	50	46	5.60385618977473	1	GGCAGCGGCGCCGTGTTCCT	2	0.04
722	50	46	5.60385618977473	1	GCAGCGGCGCCGTGTTCCTG	2	0.04
723	50	44	5.60385618977473	1	CAAGACCCTGGAGTACGTGG	2	0.04
724	50	45	5.64385618977473	1	GCCGGCGCCATCGCCCTGGA	1	0.02
725	50	45	5.64385618977473	1	GCAGCTACAAGTTCGTGAAG	1	0.02
726	50	44	5.60385618977473	1	CGCCGCCAAGATCCTGGAGA	2	0.04
727	50	47	5.60385618977473	1	GCCGCCAAGATCCTGGAGAG	2	0.04
728	50	47	5.60385618977473	1	CCGCCAAGATCCTGGAGAGC	2	0.04
729	50	48	5.64385618977473	1	CCTGGAGTTCCTGGCCGAGG	1	0.02
730	50	14	5.64385618977473	1	CTGGAGTACATCGAGAACAT	1	0.02
731	50	14	5.64385618977473	1	GCAAGATGATCGAGAAGAAG	1	0.02
732	50	14	5.64385618977473	1	GGAGTACGTGGCCAGCAAGG	1	0.02
733	50	14	5.64385618977473	1	GCCTTCTGCGAGGAGGTGGG	1	0.02
734	50	14	5.64385618977473	1	CCACCATCGCCGCCCACGGC	1	0.02
735	50	14	5.56385618977473	1	GTACATCAAGACCCAGTGGA	1	0.02
736	50	14	5.56385618977473	1	TACTGCAAGGCCGCCGGCCA	1	0.02
737	50	14	5.56385618977473	1	ACATCGAGAACATCGGCCAG	1	0.02
738	50	14	5.60385618977473	1	CGTGGCCAGCAAGGGCCAGG	1	0.02
739	50	14	5.50875843973146	1	TGCGAGGAGGTGGGCCAGCA	1	0.02
740	50	14	5.50875843973146	1	TGACCGGCGAGAGCATCCCG	1	0.02
741	50	14	5.50875843973146	1	CGCCGCCCACGGCCAGGAGG	1	0.02
742	50	16	5.50875843973146	1	AAGACCCAGTGGAAGCAGGA	1	0.02
743	50	16	5.46875843973146	1	AGACCACCGGCCAGGAGGTG	1	0.02
744	50	16	5.50875843973146	1	GGAGGTGGGCCAGCAGACCG	1	0.02
745	50	16	5.50875843973146	1	GAGGTGGGCCAGCAGACCGC	1	0.02
746	50	16	5.50875843973146	1	CCCACGGCCAGGAGGTGGTG	1	0.02
747	50	16	5.56385618977473	1	GGTGGGCCAGCAGACCGCCA	1	0.02
748	50	15	5.48385618977473	1	CACGGCCAGGAGGTGGTGGC	2	0.04
749	50	45	5.48385618977473	1	ACAACGTGCCGGCCCACGTG	2	0.04
750	50	44	5.44385618977473	1	CAAGATCCCGGACTTCTACG	2	0.04
751	50	44	5.44385618977473	1	GGCCAGGAGGTGGTGGCCCT	2	0.04
752	50	44	5.44385618977473	1	GCCAGGAGGTGGTGGCCCTG	2	0.04
753	50	45	5.48385618977473	1	CCAGGAGGTGGTGGCCCTGA	2	0.04
754	50	41	5.48385618977473	1	CAGGAGGTGGTGGCCCTGAA	2	0.04
755	50	41	5.48385618977473	1	TGCCGGCCCACGTGCTGACC	2	0.04
756	50	42	5.52385618977473	1	GCCGGCCCACGTGCTGACCA	2	0.04
757	50	42	5.46875843973146	1	CCGGCCAAGATCGGCCCGAC	2	0.04
758	50	42	5.46875843973146	1	CGGCCCACGTGCTGACCATG	2	0.04
759	50	42	5.46875843973146	1	GGCCAAGATCGGCCCGACCC	2	0.04
760	50	42	5.46875843973146	1	GCCCACGTGCTGACCATGCC	2	0.04
761	50	42	5.46875843973146	1	CCCACGTGCTGACCATGCCG	2	0.04
762	50	42	5.46875843973146	1	CCACGTGCTGACCATGCCGA	2	0.04
763	50	43	5.46875843973146	1	CACGTGCTGACCATGCCGAT	2	0.04
764	50	43	5.46875843973146	1	AGATCGGCCCGACCCCGATC	2	0.04
765	50	42	5.42875843973146	1	GGCCTTCCACTACCCGCTGG	2	0.04
766	50	41	5.38875843973146	1	GTGCTGACCATGCCGATCGG	2	0.04
767	50	41	5.38875843973146	1	CCTTCCACTACCCGCTGGGC	2	0.04
768	50	40	5.33366068968819	1	CTTCCACTACCCGCTGGGCG	3	0.06
769	50	40	5.33366068968819	1	TTCCACTACCCGCTGGGCGT	3	0.06
770	50	40	5.33366068968819	1	TCCACTACCCGCTGGGCGTG	3	0.06
771	50	42	5.41366068968819	1	CCACTACCCGCTGGGCGTGA	3	0.06
772	50	43	5.46875843973146	1	CCGACCCCGATCGGCATCCG	2	0.04
773	50	43	5.40385618977473	1	ACTACCCGCTGGGCGTGAGC	2	0.04
774	50	42	5.36385618977473	1	CTACCCGCTGGGCGTGAGCG	2	0.04
775	50	43	5.40385618977473	1	CGCCCGGTGGGCATCCGCGG	2	0.04
776	50	45	5.40385618977473	1	TGCCGATCGGCATCAAGAAC	4	0.08
777	50	44	5.36385618977473	1	GCCGATCGGCATCAAGAACA	4	0.08
778	50	42	5.28385618977473	1	CCGATCGGCATCAAGAACAC	4	0.08
779	50	42	5.28385618977473	1	CGATCGGCATCAAGAACACC	4	0.08
780	50	42	5.28385618977473	1	GATCGGCATCAAGAACACCG	4	0.08
781	50	42	5.28385618977473	1	ATCGGCATCAAGAACACCGA	4	0.08
782	50	41	5.24385618977473	1	TCGGCATCAAGAACACCGAC	4	0.08
783	50	41	5.24385618977473	1	CGGCATCAAGAACACCGACG	4	0.08
784	50	40	5.18875843973146	1	GGCATCAAGAACACCGACGA	4	0.08
785	50	42	5.28385618977473	1	GCATCAAGAACACCGACGAC	4	0.08
786	50	42	5.28385618977472	1	CATCAAGAACACCGACGACT	4	0.08
787	50	42	5.28385618977473	1	ATCAAGAACACCGACGACTT	4	0.08
788	50	41	5.24385618977473	1	TCAAGAACACCGACGACTTC	4	0.08
789	50	43	5.32385618977473	1	CAAGAACACCGACGACTTCA	4	0.08
790	50	41	5.22875843973146	1	AAGAACACCGACGACTTCAT	4	0.08
791	50	41	5.21366068968819	1	AGAACACCGACGACTTCATC	4	0.08
792	50	41	5.22875843973146	1	GAACACCGACGACTTCATCA	4	0.08
793	50	39	5.10875843973146	1	GGCACCGACGAGTTCCTGAT	4	0.08
794	50	39	5.10875843973146	1	GCACCGACGAGTTCCTGATG	4	0.08
795	50	39	5.13366068968819	1	CACCGACGACTTCATCATCA	4	0.08
796	50	41	5.20385618977473	1	ACCGACGACTTCATCATCAA	4	0.08
797	50	41	5.20385618977473	1	CCGACGACTTCATCATCAAC	4	0.08
798	50	43	5.34875843973146	1	CGACGACTTCATCATCAACA	3	0.06
799	50	43	5.34875843973146	1	GACGACTTCATCATCAACAT	3	0.06
800	50	43	5.34875843973146	1	ACGACTTCATCATCAACATC	3	0.06
801	50	45	5.42875843973146	1	CGACTTCATCATCAACATCG	3	0.06
802	50	46	5.46875843973146	1	GACTTCATCATCAACATCGC	3	0.06
803	50	45	5.46875843973146	1	ACTTCATCATCAACATCGCC	3	0.06
804	50	45	5.46875843973146	1	CTTCATCATCAACATCGCCA	3	0.06
805	50	45	5.46875843973146	1	TTCATCATCAACATCGCCAA	3	0.06
806	50	45	5.46875843973146	1	TCATCATCAACATCGCCAAG	3	0.06
807	50	47	5.56385618977473	1	CATCATGAACGCCGCCAAGC	2	0.04
808	50	46	5.52385618977473	1	ATCATCAACATCGCCAAGGT	2	0.04
809	50	46	5.52385618977473	1	TGATGAAGATCAGCGAGCTG	2	0.04
810	50	46	5.52385618977473	1	GATGAAGATCAGCGAGCTGA	2	0.04
811	50	46	5.52385618977473	1	CGCACCGTGAAGAAGTTCAC	2	0.04
812	50	44	5.44385618977473	1	TGAAGGTGAGCGAGATCAGC	2	0.04
813	50	44	5.44385618977473	1	CAACATCGCCAAGGTGACCG	2	0.04
814	50	44	5.44385618977473	1	AAGCTGAGCGAGCTGTTCGG	2	0.04
815	50	44	5.44385618977473	1	CCGTGAAGAAGTTCACCGGC	2	0.04
816	50	44	5.44385618977473	1	GGTGAGCGAGATCAGCGGCC	2	0.04
817	50	45	5.48385618977472	1	CTGAGCGAGCTGTTCGGCAA	2	0.04
818	50	43	5.40385618977472	1	TGAGCCAGCTGACCGGCAAG	2	0.04
819	50	45	5.48385618977473	1	GAAGAAGTTCACCGGCAACG	2	0.04
820	50	44	5.44385618977473	1	AGCCAGCTGACCGGCAAGCC	2	0.04
821	50	46	5.52385618977473	1	GCGAGCTGACCGGCAAGGCC	2	0.04
822	50	45	5.44385618977473	1	CGAGATCACCGACCACACCA	2	0.04
823	50	43	5.34875843973146	1	GAGATCACCGACCACACCAT	3	0.06
824	50	43	5.34875843973146	1	AGATCACCGACCACACCATC	3	0.06
825	50	44	5.38875843973146	1	GATCACCGACCACACCATCC	3	0.06
826	50	43	5.34875843973146	1	ATCACCGACCACACCATCCC	3	0.06
827	50	40	5.19856293964492	1	TGACCGGCAAGCCGATCCCG	3	0.06
828	50	42	5.29366068968819	1	CACCGACCACACCATCCCGG	3	0.06
829	50	41	5.25366068968819	1	ACCGACCACACCATCCCGGA	3	0.06
830	50	42	5.29366068968819	1	CCGACCACACCATCCCGGAG	3	0.06
831	50	42	5.28385618977473	1	CGGCAAGGCCATCCCGGAGG	4	0.08
832	50	43	5.36385618977473	1	GGCAAGGCCATCCCGGAGGC	2	0.04
833	50	43	5.36385618977473	1	ACCACACCATCCCGGAGAGC	2	0.04
834	50	44	5.40385618977473	1	CAAGGAGGTGCCGGCCAGCC	2	0.04
835	50	44	5.40385618977473	1	AAGCCGATCCCGGCCGAGCT	2	0.04
836	50	44	5.40385618977473	1	AGGGCATCCCGGACGAGCTG	2	0.04
837	50	44	5.40385618977473	1	GGCCATCCCGGAGGAGCTGG	2	0.04
838	50	45	5.44385618977473	1	GGCATCCCGGACGAGCTGCT	2	0.04
839	50	45	5.44385618977473	1	CGATCCCGGCCGAGCTGGAG	2	0.04
840	50	46	5.48385618977473	1	CATCCCGGAGGAGCTGGAGA	2	0.04
841	50	43	5.34875843973146	1	ATCCCGGACAAGCTGCTGGA	3	0.06
842	50	43	5.34875843973146	1	TCCCGGACAAGCTGCTGGAC	3	0.06
843	50	43	5.34875843973146	1	CCCGGACAAGCTGCTGGACG	3	0.06
844	50	43	5.34875843973146	1	CCGGACAAGCTGCTGGACGA	3	0.06
845	50	43	5.34875843973146	1	CGGACAAGCTGCTGGACGAG	3	0.06
846	50	43	5.34875843973146	1	GGACAAGCTGCTGGACGAGC	3	0.06
847	50	43	5.34875843973146	1	GACAAGCTGCTGGACGAGCG	3	0.06
848	50	42	5.29366068968819	1	ACGAGCTGGAGGAGGAGCGC	3	0.06
849	50	40	5.19856293964492	1	CAAGCTGCTGGACGAGCGCG	3	0.06
850	50	37	5.04836743955838	1	GAGCTGGAGGAGGAGCGCGG	3	0.06
851	50	36	4.92836743955838	1	AGCTGCTGGACGAGCGCGGC	6	0.12
852	50	36	4.94346518960165	1	GCTGCTGGACGAGCGCGGCA	6	0.12
853	50	37	5.02146788019945	1	CTGCTGGACGAGCGCGGCAA	5	0.1
854	50	36	4.98146788019945	1	TGCTGGACGAGCGCGGCAAG	5	0.1
855	50	39	5.13166338028599	1	GCTGGACGAGCGCGGCAAGC	5	0.1
856	50	35	4.94146788019945	1	CTGGACGAGCGCGGCAAGCT	5	0.1
857	50	33	4.84637013015618	1	TGGACGAGCGCGGCAAGCTG	5	0.1
858	50	36	5.02346518960165	1	GAAGGAGCGCGGCCGCCTGG	3	0.06
859	50	30	4.65617463006964	1	AAGGAGCGCGGCCGCCTGGT	5	0.1
860	50	28	4.53817193947184	1	AGGAGCGCGGCCGCCTGGTG	6	0.12
861	50	23	3.92359082040783	1	GGAGCGCGGCCGCCTGGTGG	10	0.2
862	50	19	3.39215767504762	1	GAGCGCGGCCGCCTGGTGGA	19	0.38
863	50	19	3.39215767504762	1	AGCGCGGCCGCCTGGTGGAC	19	0.38
864	50	26	4.05935355348277	1	GCGCGGCCGCCTGGTGGACG	13	0.26
865	50	27	4.16107688002637	1	CGCGGCCGCCTGGTGGACGC	12	0.24
866	50	27	4.16107688002637	1	GCGGCCGCCTGGTGGACGCC	12	0.24
867	50	30	4.35326968951511	1	CGGCCGCCTGGTGGACGCCA	12	0.24
868	50	30	4.35326968951511	1	GGCCGCCTGGTGGACGCCAT	12	0.24
869	50	32	4.61366068968819	1	GCCGCCTGGTGGACGCCATC	8	0.16
870	50	35	4.87326968951511	1	CCGCCTGGTGGACGCCATCG	6	0.12
871	50	38	5.04637013015618	1	CGCCTGGTGGACGCCATCGC	5	0.1
872	50	38	5.04637013015618	1	GCCTGGTGGACGCCATCGCC	5	0.1
873	50	36	4.96637013015618	1	CCTGGTGGACGCCATCGCCG	5	0.1
874	50	33	4.80637013015618	1	CTGGTGGACGCCATCGCCGA	5	0.1
875	50	32	4.75127238011291	1	TGGTGGACGCCATCGCCGAC	5	0.1
876	50	37	5.02146788019945	1	GGTGGACGCCATCGCCGACA	5	0.1
877	50	37	5.02146788019945	1	GTGGACGCCATCGCCGACAG	5	0.1
878	50	33	4.98146788019945	1	TGGACGCCATCGCCGACAGC	5	0.1
879	50	38	5.23856293964492	1	GGACGCCATGACCGACGCCC	3	0.06
880	50	37	5.21366068968819	1	GACGCCCTGGTGGACACCCA	3	0.06
881	50	37	5.21366068968819	1	ACGCCATGACCGACGCCCAC	3	0.06
882	50	40	5.33366068968819	1	CGCCATGACCGACGCCCACC	3	0.06
883	50	40	5.33366068968819	1	GCCCTGGTGGACACCCACAT	3	0.06
884	50	40	5.33366068968819	1	CCATGACCGACGCCCACCAG	3	0.06
885	50	39	5.29366068968819	1	CATGACCGACGCCCACCAGT	3	0.06
886	50	40	5.34875843973146	1	ATGACCGACGCCCACCAGTA	3	0.06
887	50	40	5.34875843973146	1	TGACCGACGCCCACCAGTAC	3	0.06
888	50	41	5.40385618977473	1	GACCGACGCCCACCCGCACT	2	0.04
889	50	40	5.34875843973146	1	ACCGACGCCCACCAGTACAT	3	0.06
890	50	40	5.36385618977473	1	CCGACACCCTGCACCACACC	2	0.04
891	50	38	5.28385618977473	1	CGACGCCCACCCGCACTACC	2	0.04
892	50	35	5.14875843973146	1	GACACCATCCACTACACCAT	3	0.06
893	50	35	5.14875843973145	1	ACACCATCCACTACACCATG	3	0.06
894	50	36	5.18875843973146	1	CACCATCCACTACACCATGG	3	0.06
895	50	36	5.18875843973146	1	ACCATCCACTACACCATGGA	3	0.06
896	50	36	5.09366068968819	1	CCATCCACTACACCATGGAC	3	0.06
897	50	37	5.09366068968819	1	CATCCACTACACCATGGACA	3	0.06
898	50	37	5.09366068968819	1	ATCCACTACACCATGGACAA	3	0.06
899	50	37	5.09366068968819	1	GCCGCTACCTGTTCGGCCGC	3	0.06
900	50	39	5.15856293964492	1	CCGCTACCTGTTCGGCCGCA	3	0.06
901	50	38	5.07656563024272	1	CACTACACCATGGACAAGAA	5	0.1
902	50	37	5.03656563024272	1	ACTACACCATGGACAAGAAG	5	0.1
903	50	37	5.01166338028599	1	CTACACCATGGACAAGAAGG	5	0.1
904	50	37	5.01166338028599	1	TACACCATGGACAAGAAGGT	5	0.1
905	50	34	4.79127238011291	1	ACATCCACGGCAAGAAGTTC	6	0.12
906	50	33	4.73617463006964	1	CATCCACGGCAAGAAGTTCG	6	0.12
907	50	32	4.65334044106812	1	ATCCACGGCAAGAAGTTCGC	7	0.14
908	50	32	4.65334044106812	1	TCCACGGCAAGAAGTTCGCC	7	0.14
909	50	33	4.71708226122198	1	CCACGGCAAGAAGTTCGCCA	5	0.1
910	50	31	4.61218001126525	1	CACGGCAAGAAGGTGGCCAT	5	0.1
911	50	30	4.57218001126525	1	ACGGCAAGAAGTTCGCCATC	5	0.1
912	50	32	4.70927507071071	1	GGACAAGAAGGTGGGCATCT	5	0.1
913	50	37	4.98146788019945	1	GACAAGAAGGTGGGCATCTT	5	0.1
914	50	37	4.98146788019945	1	ACAAGAAGGTGGGCATCTTC	5	0.1
915	50	37	4.98146788019945	1	CAAGAAGGTGGGCATCTTCG	5	0.1
916	50	34	4.86146788019945	1	AAGAAGGTGGGCATCTTCGG	5	0.1
917	50	34	4.86146788019945	1	AGAAGGTGGGCATCTTCGGC	5	0.1
918	50	33	4.79656563024272	1	GAAGGTGGGCATCTTCGGCG	5	0.1
919	50	32	4.69947057079725	1	AAGGTGGGCATCTTCGGCGA	5	0.1
920	50	32	4.69947057079725	1	AGGTGGGCATCTTCGGCGAC	5	0.1
921	50	31	4.65947057079725	1	GGTGGGCATCTTCGGCGACC	5	0.1
922	50	26	4.36688676113544	1	GTGGGCATCTTCGGCGACCC	5	0.1
923	50	26	4.36688676113544	1	TGGGCATCTTCGGCGACCCG	5	0.1
924	50	23	4.13417732066744	1	CGCCATCTACGGCGACCCGG	8	0.16
925	50	18	3.6229068644807	1	GCCATCTACGGCGACCCGGA	11	0.22
926	50	18	3.6229068644807	1	CCATCTACGGCGACCCGGAC	11	0.22
927	50	28	4.50346518960165	1	CATCTACGGCGACCCGGACC	6	0.12
928	50	33	4.82346518960165	1	ATCTTCGGCGACCCGGACTT	4	0.08
929	50	32	4.77366068968819	1	TCTACGGCGACCCGGACCTG	4	0.08
930	50	39	5.14875843973146	1	CTTCGGCGACCCGGACTTCG	4	0.08
931	50	34	4.86146788019945	1	TTCGGCGACCCGGACTTCGT	5	0.1
932	50	33	4.80637013015618	1	TCGGCGACCCGGACTTCGTG	5	0.1
933	50	33	4.82346518960165	1	CGGCGACCCGGACTTCGTGA	4	0.08
934	50	33	4.79127238011291	1	GGCGACCCGGACTTCGTGAT	5	0.1
935	50	36	4.99856293964492	1	GCGACCCGGACATCGTGATC	4	0.08
936	50	40	5.22875843973146	1	CGACCCGGACCTGCTGCTGG	3	0.06
937	50	41	5.26875843973145	1	GACCCGGACCTGCTGCTGGG	3	0.06
938	50	41	5.26875843973146	1	ACCCGGACCTGCTGCTGGGC	3	0.06
939	50	44	5.38875843973146	1	CCCGGACCTGCTGCTGGGCC	3	0.06
940	50	44	5.38875843973146	1	CCGGACCTGCTGCTGGGCCT	3	0.06
941	50	44	5.38875843973146	1	CGGACCTGCTGCTGGGCCTG	3	0.06
942	50	48	5.56385618977473	1	GGACCTGTGCATCGGCCTGG	2	0.04
943	50	48	5.56385618977473	1	GACCTGTGCATCGGCCTGGC	2	0.04
944	50	48	5.56385618977473	1	ACCTGTGCATCGGCCTGGCC	2	0.04
945	50	49	5.60385618977473	1	CTTCGTGATCGCCGTGAGCC	2	0.04
946	50	49	5.60385618977473	1	TTCGTGATCGCCGTGAGCCG	2	0.04
947	50	48	5.56385618977473	1	TCGTGATCGCCGTGAGCCGC	2	0.04
948	50	48	5.56385618977473	1	CGTGATCGCCGTGAGCCGCT	2	0.04
949	50	47	5.52385618977473	1	CTGGAGGGCCTGGTGGGCCT	2	0.04
950	50	46	5.46875843973146	1	TGATCCCGCTGACCGAGTTC	3	0.06
951	50	47	5.50875843973146	1	GATCCCGCTGACCGAGTTCC	3	0.06
952	50	44	5.36385618977473	1	ATCCCGCTGACCGAGTTCCT	4	0.08
953	50	43	5.32385618977473	1	TCCCGCTGACCGAGTTCCTG	4	0.08
954	50	46	5.46875843973146	1	CCCGCTGACCGAGTTCCTGC	3	0.06
955	50	45	5.42875843973146	1	CCGCTGACCGAGTTCCTGCT	3	0.06
956	50	45	5.42875843973146	1	CGCTGACCGAGTTCCTGCTG	3	0.06
957	50	45	5.44385618977473	1	GCTGACCGAGTTCCTGCTGA	2	0.04
958	50	45	5.44385618977473	1	ATGGCCCGCTTCGTGATGGA	2	0.04
959	50	44	5.40385618977473	1	TGGCCCGCTTCGTGATGGAG	2	0.04
960	50	46	5.48385618977473	1	GGTGGGCCTGATCGCCGAGA	2	0.04
961	50	46	5.46875843973146	1	GTGAGCTTCCTGCTGGAGAT	3	0.06
962	50	45	5.42875843973146	1	TGAGCTTCCTGCTGGAGATG	3	0.06
963	50	42	5.29366068968819	1	CCGCTTCTGCTGCGAGATCG	3	0.06
964	50	40	5.15656563024272	1	AGCTTCCTGCTGGAGATGGG	5	0.1
965	50	37	4.95856293964492	1	GCTTCCTGCTGGAGATGGGC	6	0.12
966	50	40	5.11856293964492	1	CTTCCTGCTGGAGATGGGCG	6	0.12
967	50	38	5.10875843973146	1	TTCCTGCTGGAGATGGGCGC	4	0.08
968	50	40	5.18875843973146	1	TCCTGCTGGAGATGGGCGCC	4	0.08
969	50	44	5.38875843973146	1	CTGCTGCGAGATCGGCATGA	3	0.06
970	50	44	5.37366068968819	1	CTGCTGGAGCTGGGCGCCGA	3	0.06
971	50	44	5.37366068968819	1	GCTGCGAGATCGGCATGAAG	3	0.06
972	50	44	5.37366068968819	1	CTGCGAGATCGGCATGAAGC	3	0.06
973	50	41	5.25366068968819	1	TGCGAGATCGGCATGAAGCC	3	0.06
974	50	36	5.03856293964492	1	TGGAGACCGGCGGCGAGCCG	3	0.06
975	50	43	5.34875843973146	1	CGAGATCGGCATGAAGCCGG	3	0.06
976	50	44	5.38875843973146	1	GAGATCGGCATGAAGCCGGT	3	0.06
977	50	44	5.38875843973146	1	AGATCGGCATGAAGCCGGTG	3	0.06
978	50	45	5.42875843973146	1	GATCGGCATGAAGCCGGTGG	3	0.06
979	50	45	5.42875843973146	1	ATCGGCATGAAGCCGGTGGT	3	0.06
980	50	42	5.29366068968819	1	TGGGCGCCGAGCCGGTGCAC	3	0.06
981	50	45	5.42875843973146	1	CGGCATGAAGCCGGTGGTGG	3	0.06
982	50	43	5.32385618977473	1	GGCATGAAGCCGGTGGTGGT	4	0.08
983	50	43	5.32385618977473	1	GCATGAAGCCGGTGGTGGTG	4	0.08
984	50	45	5.40385618977473	1	CATGAAGCCGGTGGTGGTGA	4	0.08
985	50	46	5.46875843973146	1	ATGAAGCCGGTGGTGGTGAA	3	0.06
986	50	46	5.46875843973146	1	TGAAGCCGGTGGTGGTGAAC	3	0.06
987	50	45	5.42875843973146	1	GAAGCCGGTGGTGGTGAACA	3	0.06
988	50	45	5.42875843973146	1	AAGCCGGTGGTGGTGAACAC	3	0.06
989	50	45	5.42875843973146	1	AGCCGGTGGTGGTGAACACC	3	0.06
990	50	45	5.42875843973146	1	GCCGGTGGTGGTGAACACCC	3	0.06
991	50	45	5.42875843973146	1	CCGGTGGTGGTGAACACCCA	3	0.06
992	50	45	5.42875843973146	1	CGGTGGTGGTGAACACCCAG	3	0.06
993	50	45	5.42875843973146	1	GGTGGTGGTGAACACCCAGA	3	0.06
994	50	45	5.42875843973146	1	GTGGTGGTGAACACCCAGAC	3	0.06
995	50	44	5.38875843973146	1	TGGTGGTGAACACCCAGACC	3	0.06
996	50	43	5.34875843973146	1	GGTGGTGAACACCCAGACCC	3	0.06
997	50	38	5.08385618977473	1	CACTGCCTGGCCACCAACGG	4	0.08
998	50	36	4.98875843973146	1	ACTGCCTGGCCACCAACGGC	4	0.08
999	50	38	5.09366068968819	1	GGTGAACACCCAGACCCCGA	4	0.08
1000	50	41	5.22875843973146	1	GTGAACACCCAGACCCCGAG	4	0.08
1001	50	41	5.22875843973146	1	TGAACACCCAGACCCCGAGC	4	0.08
1002	50	42	5.26875843973146	1	GAACACCCAGACCCCGAGCA	4	0.08
1003	50	42	5.30875843973146	1	GTGACCGGCACCCCGGGCAA	3	0.06
1004	50	42	5.25166338028599	1	TGACCGGCACCCCGGGCAAG	5	0.1
1005	50	46	5.46875843973146	1	GACCGGCACCCCGGGCAAGC	3	0.06
1006	50	46	5.52385618977473	1	ACCGGCACCCCGGGCAAGCG	2	0.04
1007	50	46	5.52385618977473	1	CCCAGACCCCGAGCACCACC	2	0.04
1008	50	46	5.52385618977473	1	CCAGACCCCGAGCACCACCT	2	0.04
1009	50	46	5.52385618977473	1	CAGACCCCGAGCACCACCTA	2	0.04
1010	50	46	5.52385618977473	1	GCACCCCGGGCAAGCGCTTC	2	0.04
1011	50	46	5.52385618977473	1	CACCCCGGGCAAGCGCTTCG	2	0.04
1012	50	46	5.52385618977473	1	ACCCCGGGCAAGCGCTTCGA	2	0.04
1013	50	46	5.52385618977473	1	CCCCGAGCACCACCTACAAG	2	0.04
1014	50	48	5.60385618977473	1	CCCGAGCACCACCTACAAGA	2	0.04
1015	50	48	5.60385618977473	1	CCGAGCACCACCTACAAGAA	2	0.04
1016	50	48	5.60385618977473	1	CGAGCACCACCTACAAGAAG	2	0.04
1017	50	48	5.60385618977473	1	GAGCACCACCTACAAGAAGG	2	0.04
1018	50	49	5.64385618977473	1	GGCAAGGCCTTCGAGCGCCG	1	0.02
1019	50	49	5.64385618977473	1	GCAAGGAGTGGGAGGAGAAG	1	0.02
1020	50	49	5.64385618977473	1	CGAGGACTTCGAGCGCGAGG	1	0.02
1021	50	49	5.64385618977473	1	AAGGCCTGGGAGGCCAAGAT	1	0.02
1022	50	49	5.64385618977473	1	CGCTGTTCAAGAAGGACATG	1	0.02
1023	50	48	5.60385618977473	1	CACCTACAAGAAGGCCATGG	2	0.04
1024	50	47	5.56385618977473	1	ATCTACAAGAAGGAGATGGA	2	0.04
1025	50	48	5.56385618977473	1	CCTACAAGAAGGCCATGGAG	2	0.04
1026	50	48	5.56385618977473	1	CTACAAGAAGGAGATGGAGA	2	0.04
1027	50	46	5.48385618977473	1	TGGGGCGAGCGCATGGTGGA	2	0.04
1028	50	45	5.44385618977473	1	GGGGCGAGCGCATGGTGGAG	2	0.04
1029	50	47	5.52385618977473	1	GGAGAAGGAGCTGCAGGCCC	2	0.04
1030	50	47	5.52385618977473	1	AAGAAGGAGATGGAGAAGAT	2	0.04
1031	50	47	5.52385618977473	1	GCGAGCGCATGGTGGAGCTG	2	0.04
1032	50	46	5.46875843973146	1	CGAGCGCATGGTGGAGCTGA	3	0.06
1033	50	46	5.46875843973146	1	GAGCGCATGGTGGAGCTGAC	3	0.06
1034	50	46	5.46875843973146	1	AGCGCATGGTGGAGCTGACC	3	0.06
1035	50	45	5.52385618977473	1	GGAGATGGAGAAGATCGCCA	2	0.04
1036	50	46	5.56385618977473	1	GAGATGGAGAAGATCGCCAA	2	0.04
1037	50	45	5.52385618977473	1	AGCTGCAGGCCCTGCTGGAC	2	0.04
1038	50	46	5.56385618977473	1	GCTGCAGGCCCTGCTGGACG	2	0.04
1039	50	47	5.60385618977473	1	ATCCACGAGCTGCTGGACCC	1	0.02
1040	50	25	5.56385618977473	1	TGGAGAAGATCGCCAAGGAG	2	0.04
1041	50	25	5.56385618977473	1	GGAGAAGATCGCCAAGGAGT	2	0.04
1042	50	26	5.60385618977473	1	GAGAAGATCGCCAAGGAGTA	1	0.02
1043	50	25	5.56385618977473	1	AGAAGGTGGCCAAGGAGAGC	2	0.04
1044	50	25	5.56385618977473	1	GAAGGTGGCCAAGGAGAGCG	2	0.04
1045	50	25	5.56385618977473	1	AAGGTGGCCAAGGAGAGCGA	2	0.04
1046	50	26	5.56385618977473	1	CCATCGCCAACGAGTACGAC	1	0.02
1047	50	25	5.60385618977473	1	CGTGCTGGGCGACAGCGTGC	1	0.02
1048	50	25	5.60385618977473	1	GTGGCCAAGGAGAGCGAGGA	1	0.02
1049	50	24	5.56385618977473	1	TCTTCGACGAGTACAACATC	1	0.02
1050	50	24	5.60385618977473	1	GCTGGACCCGGTGGTGCCGG	1	0.02
1051	50	24	5.60385618977473	1	ACCGAGGAGCTGGAGGTGGA	1	0.02
1052	50	24	5.60385618977473	1	CCCAGGAGCTGGGCGTGGAG	1	0.02
1053	50	24	5.60385618977473	1	GGCCGAGACCGTGCCGAACG	1	0.02
1054	50	24	5.60385618977473	1	GGCGACAGCGTGCCGGAGGC	1	0.02
1055	50	24	5.60385618977473	1	AGGAGCTGGAGGTGGAGAGC	1	0.02
1056	50	24	5.60385618977473	1	GAGCAGCAACGTGGAGGGCC	1	0.02
1057	50	24	5.56385618977473	1	GAGCTGGGCGTGGAGAGCGA	2	0.04
1058	50	24	5.56385618977473	1	AGCTGGGCGTGGAGAGCGAG	2	0.04
1059	50	36	5.60385618977473	1	GCTGGGCGTGGAGAGCGAGA	2	0.04
1060	50	36	5.60385618977473	1	CTGGGCGTGGAGAGCGAGAT	2	0.04
1061	50	36	5.60385618977473	1	TGGGCGTGGAGAGCGAGATC	2	0.04
1062	50	34	5.52385618977473	1	CGGCAAGGGCTGCAAGATCT	2	0.04
1082	50	34	4.99656563024272	1	GCCGGCAAGGACCTGTGGCA	5	0.1
1083	50	36	4.99656563024272	1	CCGGCAAGGACCTGTGGCAC	5	0.1
1084	50	34	4.86346518960165	1	CGGCAAGGACCTGTGGCACC	6	0.12
1085	50	29	4.57334044106812	1	GGCAAGGACCTGTGGCACCT	7	0.14
1086	50	29	4.57334044106812	1	GCAAGGACCTGTGGCACCTG	7	0.14
1087	50	26	4.25998720177651	1	CAAGGACCTGTGGCACCTGC	10	0.2
1088	50	24	4.14979170168997	1	AAGGACCTGTGGCACCTGCG	10	0.2
1089	50	22	4.04488945173324	1	AGGACCTGTGGCACCTGCGC	10	0.2
1090	50	22	3.9726966422445	1	GGACCTGTGGCACCTGCGCA	10	0.2
1091	50	20	3.77998720177651	1	GACCTGTGGCACCTGCGCAG	10	0.2
1092	50	19	3.77998720177651	1	ACCTGTGGCACCTGCGCAGC	10	0.2
1093	50	23	4.07656563024272	1	CCTGTGGCACCTGCGCAGCC	8	0.16
1094	50	24	4.14875843973145	1	CTGTGGCACATGCGCAGCCT	8	0.16
1095	50	23	4.05817193947184	1	TGTGGCACCTGCGCAGCCTG	9	0.18
1096	50	28	4.42346518960165	1	GTGGCACATGCGCAGCCTGC	8	0.16
1097	50	27	4.35856293964492	1	TGGCACATGCGCAGCCTGCT	8	0.16
1098	50	27	4.35856293964492	1	GGCACATGCGCAGCCTGCTG	8	0.16
1099	50	32	4.75656563024272	1	GCACATGCGCAGCCTGCTGT	5	0.1
1100	50	33	4.79656563024272	1	CACATGCGCAGCCTGCTGTT	5	0.1
1101	50	32	4.72437282075398	1	AGCTGCACCAGTGGATCAAG	5	0.1
1102	50	34	4.83856293964492	1	CATGCGCAGCCTGCTGTTCA	6	0.12
1103	50	31	4.79856293964492	1	ATGCGCAGCCTGCTGTTCAC	6	0.12
1104	50	27	4.45218001126525	1	TGCGCAGCCTGCTGTTCACC	10	0.2
1105	50	28	4.50727776130852	1	GCGCAGCCTGCTGTTCACCG	10	0.2
1106	50	28	4.45058842418578	1	CGCAGCCTGCTGTTCACCGA	11	0.22
1107	50	31	4.60278123367452	1	GCAGCCTGCTGTTCACCGAG	11	0.22
1108	50	32	4.64278123367452	1	CAGCCTGCTGTTCACCGAGC	11	0.22
1109	50	32	4.64278123367452	1	AGCCTGCTGTTCACCGAGCC	11	0.22
1110	50	32	4.64278123367452	1	GCCTGCTGTTCACCGAGCCG	11	0.22
1111	50	33	4.73947057079725	1	CCTGCTGTTCACCGAGCCGG	10	0.2
1112	50	33	4.73947057079725	1	CTGCTGTTCACCGAGCCGGT	10	0.2
1113	50	33	4.73947057079725	1	TGCTGTTCACCGAGCCGGTG	10	0.2
1114	50	33	4.73947057079725	1	GCTGTTCACCGAGCCGGTGG	10	0.2
1115	50	33	4.73947057079725	1	CTGTTCACCGAGCCGGTGGA	10	0.2
1116	50	31	4.60278123367452	1	TGTTCACCGAGCCGGTGGAC	11	0.22
1117	50	32	4.81082650068666	1	GTTCACCGAGCCGGTGGACT	7	0.14
1118	50	32	4.77863369119792	1	TTCACCGAGCCGGTGGACTT	7	0.14
1119	50	30	4.69863369119792	1	TCACCGAGCCGGTGGACTTC	7	0.14
1120	50	33	4.96385618977472	1	GAACGAGCCGGTGGACCTGC	4	0.08
1121	50	33	4.96385618977473	1	ACCGAGCCGGTGGACTTCCT	4	0.08
1122	50	36	4.93166338028599	1	ACGAGCCGGTGGACCTGCTG	5	0.1
1123	50	35	4.81817193947184	1	CGAGCCGGTGGACCTGCTGA	9	0.18
1124	50	33	4.68437282075398	1	GAGCCGGTGGACCTGCTGAT	10	0.2
1125	50	31	4.42664411301477	1	AGCCGGTGGACCTGCTGATC	13	0.26
1126	50	31	4.42664411301477	1	GCCGGTGGACCTGCTGATCG	13	0.26
1127	50	30	4.3715463629715	1	CCGGTGGACCTGCTGATCGG	13	0.26
1128	50	29	4.3315463629715	1	CGGTGGACCTGCTGATCGGC	13	0.26
1129	50	29	4.39326968951511	1	GGTGGACCTGCTGATCGGCA	12	0.24
1130	50	27	4.28836743955838	1	GTGGACCTGCTGATCGGCAA	12	0.24
1131	50	27	4.28836743955838	1	TGGACCTGCTGATCGGCAAC	12	0.24
1132	50	25	4.31326968951511	1	GGACCTGCTGATCGGCAACA	12	0.24
1133	50	26	4.47043550051358	1	GACCTGCTGATCGGCAACAC	7	0.14
1134	50	26	4.47043550051358	1	ACCTGCTGATCGGCAACACC	7	0.14
1135	50	29	4.64353594115465	1	CCTGCTGATCGGCAACACCT	7	0.14
1136	50	29	4.64353594115465	1	CTGCTGATCGGCAACACCTA	7	0.14
1137	50	27	4.52553325055685	1	TGCTGATCGGCAACACCTAC	7	0.14
1138	50	28	4.60353594115465	1	GCTGATCGGCAACACCTACG	7	0.14
1139	50	28	4.52107688002637	1	CTGATCGGCAACACCTACGG	9	0.18
1140	50	26	4.30644088170919	1	TGATCGGCAACACCTACGGC	10	0.2
1141	50	26	4.30644088170919	1	GATCGGCAACACCTACGGCA	10	0.2
1142	50	23	4.1386885704511	1	ATCGGCAACACCTACGGCAA	10	0.2
1143	50	22	4.04199923332836	1	TCGGCAACACCTACGGCAAG	11	0.22
1144	50	22	4.04199923332836	1	CGGCAACACCTACGGCAAGT	11	0.22
1145	50	24	4.25817193947184	1	GGCAACACCTACGGCAAGTA	9	0.18
1146	50	23	4.16437282075398	1	GCAACACCTACGGCAAGTAC	10	0.2
1147	50	26	4.48553325055685	1	CAACAGCTACGGCAAGTACC	7	0.14
1148	50	26	4.48553325055685	1	AACAGCTACGGCAAGTACCT	7	0.14
1149	50	27	4.52553325055685	1	ACAGCTACGGCAAGTACCTG	7	0.14
1150	50	26	4.48353594115465	1	CACCTACGGCAAGTACATCG	7	0.14
1151	50	29	4.48353594115465	1	ACCTACGGCAAGTACATCGC	7	0.14
1152	50	30	4.54843819111138	1	CCTACGGCAAGTACATCGCC	7	0.14
1153	50	27	4.38146788019945	1	CTACGGCAAGTACATCGCCC	8	0.16
1154	50	28	4.46843819111138	1	TACGGCAAGTACATCGCCCG	7	0.14
1155	50	27	4.38146788019945	1	ACGGCAAGTACATCGCCCGC	8	0.16
1156	50	27	4.38146788019945	1	CGGCAAGTACATCGCCCGCG	8	0.16
1157	50	29	4.60637013015618	1	GGCAAGTACCTGGAGCGCGA	5	0.1
1158	50	29	4.60637013015618	1	GCAAGTACCTGGAGCGCGAC	5	0.1
1159	50	30	4.63856293964492	1	CAAGTACCTGGAGCGCGACA	6	0.12
1160	50	31	4.65366068968819	1	AAGTACCTGGAGCGCGACAC	6	0.12
1161	50	30	4.65366068968819	1	AGTACCTGGAGCGCGACACC	6	0.12
1162	50	33	4.83856293964492	1	GTACCTGGAGCGCGACACCG	6	0.12
1163	50	34	4.89366068968819	1	TACCTGGAGCGCGACACCGG	6	0.12
1164	50	34	4.89366068968819	1	ACCTGGAGCGCGACACCGGC	6	0.12
1165	50	32	4.76637013015618	1	CCTGGAGCGCGACACCGGCA	6	0.12
1166	50	32	4.76637013015618	1	CTGGAGCGCGACACCGGCAC	6	0.12
1167	50	32	4.76637013015618	1	TGGAGCGCGACACCGGCACC	6	0.12
1168	50	32	4.76637013015618	1	GGAGCGCGACACCGGCACCC	6	0.12
1169	50	32	4.76637013015618	1	GAGCGCGACACCGGCACCCC	6	0.12
1170	50	32	4.76637013015618	1	AGCGCGACACCGGCACCCCG	6	0.12
1171	50	32	4.73863369119792	1	GCGCGACACCGGCACCCCGC	7	0.14
1172	50	31	4.65166338028599	1	CGCGACACCGGCACCCCGCT	8	0.16
1173	50	30	4.61166338028599	1	GCGACACCGGCACCCCGCTG	8	0.16
1174	50	34	4.81863369119792	1	CGACACCGGCACCCCGCTGA	7	0.14
1175	50	33	4.77863369119792	1	GACACCGGCACCCCGCTGAT	7	0.14
1176	50	33	4.77863369119792	1	ACACCGGCACCCCGCTGATC	7	0.14
1177	50	32	4.70063100060012	1	CACCGGCACCCCGCTGATCC	7	0.14
1178	50	31	4.61779681159859	1	GAGGACATCCCGCTGGTGCG	7	0.14
1179	50	30	4.5377968115986	1	CCGGCACCCCGCTGATCCGC	7	0.14
1180	50	38	5.04385618977473	1	GGACATCCCGCTGGTGCGCT	4	0.08
1181	50	39	5.10875843973146	1	GACATCCCGCTGGTGCGCTT	4	0.08
1182	50	36	4.99856293964492	1	ACATCCCGCTGGTGCGCTTC	4	0.08
1183	50	35	4.93366068968819	1	CATCCCGCTGGTGCGCGTGG	4	0.08
1184	50	32	4.74346518960165	1	ATCCCGCTGGTGCGCGTGGG	6	0.12
1185	50	32	4.74346518960165	1	TCCCGCTGGTGCGCGTGGGC	6	0.12
1186	50	27	4.4239818205809	1	CCCGCTGGTGCGCGTGGGCT	6	0.12
1187	50	26	4.32637013015618	1	CCGCTGGTGCGCGTGGGCTT	8	0.16
1188	50	26	4.32637013015618	1	CGCTGGTGCGCGTGGGCTTC	8	0.16
1189	50	26	4.32637013015618	1	GCTGGTGCGCGTGGGCTTCC	8	0.16
1190	50	25	4.26146788019945	1	CTGGTGCGCGTGGGCTTCCC	8	0.16
1191	50	24	4.20637013015618	1	TGGTGCGCGTGGGCTTCCCG	8	0.16
1192	50	33	4.83856293964492	1	GGTGCGCTTCGGCTTCCCGA	4	0.08
1193	50	32	4.78346518960165	1	GTGCGCGTGGGCTTCCCGAT	4	0.08
1194	50	31	4.74346518960165	1	TGCGCTTCGGCTTCCCGATC	4	0.08
1195	50	35	4.94346518960165	1	GCGCTTCGGCTTCCCGATCC	4	0.08
1196	50	33	4.83326968951511	1	CGCTTCGGCTTCCCGATCCT	4	0.08
1197	50	33	4.83326968951511	1	GCTTCGGCTTCCCGATCCTG	4	0.08
1198	50	33	4.83326968951511	1	CTTCGGCTTCCCGATCCTGG	4	0.08
1199	50	33	4.83326968951511	1	TTCGGCTTCCCGATCCTGGA	4	0.08
1200	50	30	4.63856293964492	1	TGGGCTTCCCGATCCTGGAC	4	0.08
1201	50	28	4.52637013015618	1	CGGCTTCCCGATCTTCGACC	5	0.1
1202	50	21	4.0259791299831	1	GGCTTCCCGATCCTGGACCG	8	0.16
1203	50	21	4.0259791299831	1	GCTTCCCGATCCTGGACCGC	8	0.16
1204	50	23	4.15326968951511	1	CTTCCCGATCTTCGACCGCC	8	0.16
1205	50	25	4.23578362989656	1	TTCCCGATCTTCGACCGCCA	9	0.18
1206	50	25	4.23578362989656	1	TCCCGATCTTCGACCGCCAC	9	0.18
1207	50	23	3.96107688002637	1	CCCGATCTTCGACCGCCACC	12	0.24
1208	50	24	4.00107688002637	1	CCGATCTTCGACCGCCACCA	12	0.24
1209	50	24	4.00107688002637	1	CGATCTTCGACCGCCACCAC	12	0.24
1210	50	28	4.32437282075398	1	GATCTTCGACCGCCACCACC	10	0.2
1211	50	29	4.50146788019945	1	ATCTTCGACCGCCACCACCA	6	0.12
1212	50	28	4.44637013015618	1	TCTTCGACCGCCACCACCAC	6	0.12
1213	50	33	4.76836743955838	1	CTTCGACCGCCACCACCACC	6	0.12
1214	50	31	4.4679764393853	1	TTCGACCGCCACCACCACCA	9	0.18
1215	50	30	4.44307418942857	1	TCGACCGCCACCACCACCAC	9	0.18
1216	50	31	4.48307418942857	1	CGACCGCCACCACCACCACC	9	0.18
1217	50	30	4.40307418942857	1	GACCGCCACCACCACCACCG	9	0.18
1218	50	30	4.40307418942857	1	ACCGCCACCACCACCACCGC	9	0.18
1219	50	35	4.76385618977473	1	CCGCCACCACCACCACCGCT	8	0.16
1220	50	37	4.98146788019945	1	CGCCACCACCACCACCGCTT	5	0.1
1221	50	37	4.98146788019945	1	GCCACCACCACCACCGCTTC	5	0.1
1222	50	39	5.10146788019945	1	CCACCACCACCACCGCTTCC	5	0.1
1223	50	39	5.10146788019945	1	CACCACCACCACCGCTTCCC	5	0.1
1224	50	39	5.10146788019945	1	ACCACCACCACCGCTTCCCG	5	0.1
1225	50	43	5.33366068968819	1	CCACCACCACCGCTTCCCGA	3	0.06
1226	50	43	5.34875843973146	1	GGCTACTTCCGCTGGCCGAT	3	0.06
1227	50	43	5.34875843973146	1	GCTACTTCCGCTGGCCGATC	3	0.06
1228	50	45	5.42875843973146	1	CTACTTCCGCTGGCCGATCG	3	0.06
1229	50	45	5.42875843973146	1	TACTTCCGCTGGCCGATCGT	3	0.06
1230	50	43	5.34875843973146	1	ACTTCCGCTGGCCGATCGTG	3	0.06
1231	50	43	5.34875843973146	1	CTTCCGCTGGCCGATCGTGG	3	0.06
1232	50	43	5.34875843973146	1	TTCCGCTGGCCGATCGTGGG	3	0.06
1233	50	43	5.34875843973146	1	TCCGCTGGCCGATCGTGGGC	3	0.06
1234	50	42	5.30875843973146	1	CCGCTGGCCGATCGTGGGCT	3	0.06
1235	50	41	5.26875843973146	1	CGCTGGCCGATCGTGGGCTA	3	0.06
1236	50	41	5.26875843973146	1	GCTGGCCGATCGTGGGCTAC	3	0.06
1237	50	42	5.30875843973146	1	CTGGCCGATCGTGGGCTACA	3	0.06
1238	50	43	5.34875843973146	1	TGGCCGATCGTGGGCTACAT	3	0.06
1239	50	42	5.30875843973146	1	GGCCGATCGTGGGCTACATG	3	0.06
1240	50	40	5.19856293964492	1	CCCGATCTGGGGCTACCAGG	3	0.06
1241	50	38	5.09366068968819	1	CCGGTGGTGGGCTACCGCGG	4	0.08
1242	50	38	5.09366068968819	1	CGGTGGTGGGCTACCGCGGC	4	0.08
1243	50	40	5.21366068968819	1	GATCGTGGGCTACATGGGCA	3	0.06
1244	50	42	5.30875843973146	1	ATCGTGGGCTACATGGGCAG	3	0.06
1245	50	41	5.26875843973146	1	TCGTGGGCTACATGGGCAGC	3	0.06
1246	50	42	5.29366068968819	1	GGTGGGCTACAAGGGCGCCA	3	0.06
1247	50	39	5.15856293964492	1	TGGGGCTACCAGGGCGGCCT	3	0.06
1248	50	35	4.92637013015618	1	TGGGCTACATGGGCAGCCTG	5	0.1
1249	50	39	5.05947057079725	1	GGGCTACCAGGGCGGCCTGA	5	0.1
1250	50	38	5.05166338028599	1	GGCTACATGGGCAGCCTGCG	5	0.1
1251	50	38	5.05166338028599	1	GCTACATGGGCAGCCTGCGC	5	0.1
1252	50	41	5.21166338028599	1	CTACATGGGCAGCCTGCGCT	5	0.1
1253	50	41	5.21166338028599	1	TACATGGGCAGCCTGCGCTT	5	0.1
1254	50	42	5.25166338028599	1	ACATGGGCAGCCTGCGCTTC	5	0.1
1255	50	43	5.29166338028599	1	CATGGGCAGCCTGCGCTTCT	5	0.1
1256	50	43	5.29166338028599	1	ATGGGCAGCCTGCGCTTCTT	5	0.1
1257	50	43	5.29166338028599	1	TGGGCAGCCTGCGCTTCTTC	5	0.1
1258	50	42	5.25166338028599	1	GGGCAGCCTGCGCTTCTTCG	5	0.1
1259	50	42	5.23656563024272	1	GGCAGCCTGCGCTTCTTCGA	5	0.1
1260	50	42	5.23656563024272	1	GCAGCCTGCGCTTCTTCGAC	5	0.1
1261	50	43	5.29166338028599	1	CAGCCTGCGCTTCTTCGACG	5	0.1
1262	50	43	5.29166338028599	1	AGCCTGCGCTTCTTCGACGA	5	0.1
1263	50	43	5.32385618977473	1	GCCTGCGCTTCTTCGACGAG	4	0.08
1264	50	44	5.38875843973146	1	CCTGCGCTTCTTCGACGAGA	3	0.06
1265	50	44	5.38875843973146	1	CTGCGCTTCTTCGACGAGAT	3	0.06
1266	50	43	5.33366068968819	1	TGAACGTGCTGGTGTGGATC	3	0.06
1267	50	43	5.33366068968819	1	GCGCTTCTTCGACGAGATCG	3	0.06
1268	50	42	5.27856293964492	1	AACGTGCTGGTGTGGATCCT	3	0.06
1269	50	41	5.23856293964492	1	ACGTGCTGGTGTGGATCCTG	3	0.06
1270	50	39	5.12836743955838	1	CGTGCTGGTGAAGATCCTGG	3	0.06
1271	50	39	5.12836743955838	1	GTGCTGGTGTGGATCCTGGA	3	0.06
1272	50	39	5.12836743955838	1	TGCTGAACTGGATCGTGAAC	3	0.06
1273	50	41	5.23856293964492	1	GCTGGTGTGGATCCTGGACA	3	0.06
1274	50	42	5.27856293964492	1	CTGGTGTGGATCCTGGACAA	3	0.06
1275	50	42	5.27856293964492	1	TGAACTGGATCGTGAACACC	3	0.06
1276	50	43	5.33366068968819	1	GGTGTGGATCCTGGACAAGA	3	0.06
1277	50	41	5.25366068968819	1	GTGTGGATCCTGGACAAGAT	3	0.06
1278	50	41	5.25366068968819	1	ACGAGATCGTGAACACCATC	3	0.06
1279	50	41	5.25366068968819	1	GTGGATCCTGGACAAGATCT	3	0.06
1280	50	41	5.25366068968819	1	TGGATCCTGGACAAGATCTT	3	0.06
1281	50	40	5.21366068968819	1	AGATCGTGAACACCATCCTG	3	0.06
1282	50	36	4.93366068968819	1	GATCGTGAACACCATCCTGG	6	0.12
1283	50	33	4.70063100060012	1	ATCGTGAACACCATCCTGGA	7	0.14
1284	50	35	4.81863369119792	1	TCGTGAACACCATCCTGGAC	7	0.14
1285	50	39	5.12385618977473	1	CCTGGACAAGATCTTCGACG	4	0.08
1286	50	39	5.12385618977473	1	CTGGACAAGATCTTCGACGA	4	0.08
1287	50	38	5.06875843973146	1	TGGACAAGATCTTCGACGAG	4	0.08
1288	50	41	5.22875843973146	1	GGACAAGATCTTCGACGAGA	4	0.08
1289	50	42	5.26875843973146	1	GACAAGATCTTCGACGAGAT	4	0.08
1290	50	43	5.34875843973146	1	ACACCATCCTGGACACCCAG	3	0.06
1291	50	43	5.34875843973146	1	CACCATCCTGGACACCCAGG	3	0.06
1292	50	43	5.34875843973146	1	ACCATCCTGGACACCCAGGT	3	0.06
1293	50	42	5.29366068968819	1	CCCTGCTGGACCGCAAGGAC	3	0.06
1294	50	6	5.37366068968819	1	CATCCTGGACACCCAGGTGC	3	0.06
