Pos	NumberSpanning	UniqueMers	Entropy	PrimerDeg	PrimerSeq	NumberMatching	FractionMatching
20	7	6	2.52164063634332	1	CAAGGACCGCGCCGGCATCA	2	0.285714285714286
21	7	6	2.52164063634332	1	AAGGACCGCGCCGGCATCAT	2	0.285714285714286
22	7	6	2.52164063634332	1	AGGACCGCGCCGGCATCATC	2	0.285714285714286
23	7	6	2.52164063634332	1	GGACCGCGCCGGCATCATCA	2	0.285714285714286
24	7	6	2.52164063634332	1	GACCGCGCCGGCATCATCAA	2	0.285714285714286
25	7	6	2.52164063634332	1	ACCGCGCCGGCATCATCAAC	2	0.285714285714286
26	7	6	2.52164063634332	1	CCGCGCCGGCATCATCAACC	2	0.285714285714286
27	7	6	2.52164063634332	1	CGCGCCGGCATCATCAACCC	2	0.285714285714286
28	7	6	2.52164063634332	1	GCGCCGGCATCATCAACCCG	2	0.285714285714286
29	7	6	2.52164063634332	1	CGCCGGCATCATCAACCCGA	2	0.285714285714286
30	7	6	2.52164063634332	1	GCCGGCATCATCAACCCGAT	2	0.285714285714286
31	7	5	2.12808527889139	1	CCGGCATCATCAACCCGATG	3	0.428571428571429
32	7	5	2.12808527889139	1	CGGCATCATCAACCCGATGT	3	0.428571428571429
33	7	5	2.23592635062903	1	GGCATCATCAACCCGATGTA	2	0.285714285714286
34	7	5	2.23592635062903	1	GCATCATCAACCCGATGTAC	2	0.285714285714286
35	7	6	2.52164063634332	1	CATCATCAACCCGATGTTCG	2	0.285714285714286
36	7	6	2.52164063634332	1	ATCATCAACCCGATGTTCGA	2	0.285714285714286
37	7	6	2.52164063634332	1	TCATCAACCCGATGTTCGAC	2	0.285714285714286
38	7	6	2.52164063634332	1	CATCAACCCGATGTTCGACT	2	0.285714285714286
39	7	5	2.23592635062903	1	ATCAACCCGATGTACGACTG	2	0.285714285714286
40	7	5	2.23592635062903	1	TCAACCCGATGTTCGACTGC	2	0.285714285714286
41	7	5	2.23592635062903	1	CAACCCGATGTTCGACTGCC	2	0.285714285714286
42	7	5	2.23592635062903	1	AACCCGATGTACGACTGCCA	2	0.285714285714286
43	7	5	2.23592635062903	1	ACCCGATGTTCGACTGCCAG	2	0.285714285714286
44	7	5	2.23592635062903	1	CCCGATGTTCGACTGCCAGC	2	0.285714285714286
45	7	5	2.23592635062903	1	CCGATGTACGACTGCCAGCC	2	0.285714285714286
46	7	5	2.23592635062903	1	CGATGTTCGACTGCCAGCCG	2	0.285714285714286
47	7	5	2.23592635062903	1	GATGTTCGACTGCCAGCCGG	2	0.285714285714286
48	7	5	2.23592635062903	1	ATGTTCGACTGCCAGCCGGC	2	0.285714285714286
49	7	5	2.23592635062903	1	TGTTCGACTGCCAGCCGGCC	2	0.285714285714286
50	7	5	2.23592635062903	1	GTACGACTGCCAGCCGGCCG	2	0.285714285714286
51	7	5	2.23592635062903	1	TACGACTGCCAGCCGGCCGG	2	0.285714285714286
52	7	5	2.23592635062903	1	TCGACTGCCAGCCGGCCGGC	2	0.285714285714286
53	7	3	1.37878349348618	1	CGACTGCCAGCCGGCCGGCG	4	0.571428571428571
54	7	3	1.37878349348618	1	GACTGCCAGCCGGCCGGCGC	4	0.571428571428571
55	7	3	1.37878349348618	1	ACTGCCAGCCGGCCGGCGCC	4	0.571428571428571
56	7	3	1.14883485428092	1	CTGCCAGCCGGCCGGCGCCC	5	0.714285714285714
57	7	3	1.14883485428092	1	TGCCAGCCGGCCGGCGCCCA	5	0.714285714285714
58	7	3	1.14883485428092	1	GCCAGCCGGCCGGCGCCCAG	5	0.714285714285714
59	7	3	1.14883485428092	1	CCAGCCGGCCGGCGCCCAGT	5	0.714285714285714
60	7	3	1.14883485428092	1	CAGCCGGCCGGCGCCCAGTA	5	0.714285714285714
61	7	3	1.14883485428092	1	AGCCGGCCGGCGCCCAGTAC	5	0.714285714285714
62	7	3	1.14883485428092	1	GCCGGCCGGCGCCCAGTACG	5	0.714285714285714
63	7	3	1.14883485428092	1	CCGGCCGGCGCCCAGTACGC	5	0.714285714285714
64	7	3	1.14883485428092	1	CGGCCGGCGCCCAGTACGCC	5	0.714285714285714
65	7	3	1.14883485428092	1	GGCCGGCGCCCAGTACGCCG	5	0.714285714285714
66	7	3	1.14883485428092	1	GCCGGCGCCCAGTACGCCGG	5	0.714285714285714
67	7	3	1.14883485428092	1	CCGGCGCCCAGTACGCCGGC	5	0.714285714285714
68	7	3	1.14883485428092	1	CGGCGCCCAGTACGCCGGCA	5	0.714285714285714
69	7	3	1.14883485428092	1	GGCGCCCAGTACGCCGGCAT	5	0.714285714285714
70	7	3	1.14883485428092	1	GCGCCCAGTACGCCGGCATC	5	0.714285714285714
71	7	3	1.14883485428092	1	CGCCCAGTACGCCGGCATCG	5	0.714285714285714
72	7	3	1.14883485428092	1	GCCCAGTACGCCGGCATCGG	5	0.714285714285714
73	7	3	1.14883485428092	1	CCCAGTACGCCGGCATCGGC	5	0.714285714285714
74	7	4	1.66449777920046	1	CCAGTACGCCGGCATCGGCG	4	0.571428571428571
75	7	4	1.66449777920046	1	CAGTACGCCGGCATCGGCGT	4	0.571428571428571
76	7	4	1.66449777920046	1	AGTACGCCGGCATCGGCGTG	4	0.571428571428571
77	7	4	1.66449777920046	1	GTACGCCGGCATCGGCGTGA	4	0.571428571428571
78	7	4	1.66449777920046	1	TACGCCGGCATCGGCGTGAA	4	0.571428571428571
79	7	4	1.66449777920046	1	ACGCCGGCATCGGCGTGAAG	4	0.571428571428571
80	7	4	1.66449777920046	1	CGCCGGCATCGGCGTGAAGG	4	0.571428571428571
81	7	4	1.66449777920046	1	GCCGGCATCGGCGTGAAGGA	4	0.571428571428571
82	7	4	1.66449777920046	1	CCGGCATCGGCGTGAAGGAC	4	0.571428571428571
83	7	5	2.12808527889139	1	CGGCATCGGCGTGAAGGACT	3	0.428571428571429
84	7	5	2.12808527889139	1	GGCATCGGCGTGAAGGACTG	3	0.428571428571429
85	7	5	2.12808527889139	1	GCATCGGCGTGAAGGACTGC	3	0.428571428571429
86	7	4	1.66449777920046	1	CATCGGCGTGAAGGACTGCA	4	0.571428571428571
87	7	4	1.66449777920046	1	ATCGGCGTGAAGGACTGCAT	4	0.571428571428571
88	7	4	1.66449777920046	1	TCGGCGTGAAGGACTGCATC	4	0.571428571428571
89	7	4	1.66449777920046	1	CGGCGTGAAGGACTGCATCC	4	0.571428571428571
90	7	4	1.66449777920046	1	GGCGTGAAGGACTGCATCCC	4	0.571428571428571
91	7	4	1.66449777920046	1	GCGTGAAGGACTGCATCCCG	4	0.571428571428571
92	7	4	1.66449777920046	1	CGTGAAGGACTGCATCCCGC	4	0.571428571428571
93	7	4	1.66449777920046	1	GTGAAGGACTGCATCCCGCT	4	0.571428571428571
94	7	3	1.14883485428092	1	TGAAGGACTGCATCCCGCTG	5	0.714285714285714
95	7	3	1.14883485428092	1	GAAGGACTGCATCCCGCTGG	5	0.714285714285714
96	7	2	0.591672778582327	1	AAGGACTGCATCCCGCTGGT	6	0.857142857142857
97	7	2	0.591672778582327	1	AGGACTGCATCCCGCTGGTG	6	0.857142857142857
98	7	2	0.591672778582327	1	GGACTGCATCCCGCTGGTGC	6	0.857142857142857
99	7	2	0.591672778582327	1	GACTGCATCCCGCTGGTGCA	6	0.857142857142857
100	7	2	0.591672778582327	1	ACTGCATCCCGCTGGTGCAC	6	0.857142857142857
101	7	2	0.591672778582327	1	CTGCATCCCGCTGGTGCACG	6	0.857142857142857
102	7	2	0.591672778582327	1	TGCATCCCGCTGGTGCACGG	6	0.857142857142857
103	7	1	0	1	GCATCCCGCTGGTGCACGGC	7	1
104	7	1	0	1	CATCCCGCTGGTGCACGGCG	7	1
105	7	1	0	1	ATCCCGCTGGTGCACGGCGG	7	1
106	7	1	0	1	TCCCGCTGGTGCACGGCGGC	7	1
107	7	1	0	1	CCCGCTGGTGCACGGCGGCC	7	1
108	7	1	0	1	CCGCTGGTGCACGGCGGCCA	7	1
109	7	1	0	1	CGCTGGTGCACGGCGGCCAG	7	1
110	7	1	0	1	GCTGGTGCACGGCGGCCAGG	7	1
111	7	1	0	1	CTGGTGCACGGCGGCCAGGG	7	1
112	7	1	0	1	TGGTGCACGGCGGCCAGGGC	7	1
113	7	1	0	1	GGTGCACGGCGGCCAGGGCT	7	1
114	7	1	0	1	GTGCACGGCGGCCAGGGCTG	7	1
115	7	1	0	1	TGCACGGCGGCCAGGGCTGC	7	1
116	7	1	0	1	GCACGGCGGCCAGGGCTGCA	7	1
117	7	2	0.863120568566631	1	CACGGCGGCCAGGGCTGCAG	5	0.714285714285714
118	7	2	0.863120568566631	1	ACGGCGGCCAGGGCTGCAGC	5	0.714285714285714
119	7	2	0.863120568566631	1	CGGCGGCCAGGGCTGCAGCA	5	0.714285714285714
120	7	2	0.863120568566631	1	GGCGGCCAGGGCTGCAGCAT	5	0.714285714285714
121	7	2	0.863120568566631	1	GCGGCCAGGGCTGCAGCATG	5	0.714285714285714
122	7	2	0.863120568566631	1	CGGCCAGGGCTGCAGCATGT	5	0.714285714285714
123	7	2	0.863120568566631	1	GGCCAGGGCTGCAGCATGTT	5	0.714285714285714
124	7	2	0.863120568566631	1	GCCAGGGCTGCAGCATGTTC	5	0.714285714285714
125	7	2	0.863120568566631	1	CCAGGGCTGCAGCATGTTCG	5	0.714285714285714
126	7	2	0.863120568566631	1	CAGGGCTGCAGCATGTTCGT	5	0.714285714285714
127	7	2	0.863120568566631	1	AGGGCTGCAGCATGTTCGTG	5	0.714285714285714
128	7	2	0.863120568566631	1	GGGCTGCAGCATGTTCGTGC	5	0.714285714285714
129	7	2	0.863120568566631	1	GGCTGCAGCATGTTCGTGCG	5	0.714285714285714
130	7	2	0.863120568566631	1	GCTGCAGCATGTTCGTGCGC	5	0.714285714285714
131	7	2	0.863120568566631	1	CTGCAGCATGTTCGTGCGCC	5	0.714285714285714
132	7	2	0.863120568566631	1	TGCAGCATGTTCGTGCGCCT	5	0.714285714285714
133	7	2	0.863120568566631	1	GCAGCATGTTCGTGCGCCTG	5	0.714285714285714
134	7	3	1.37878349348618	1	CAGCATGTTCGTGCGCCTGC	4	0.571428571428571
135	7	3	1.37878349348618	1	AGCATGTTCGTGCGCCTGCT	4	0.571428571428571
136	7	3	1.37878349348618	1	GCATGTTCGTGCGCCTGCTG	4	0.571428571428571
137	7	2	0.591672778582327	1	CATGTTCGTGCGCCTGCTGT	6	0.857142857142857
138	7	2	0.591672778582327	1	ATGTTCGTGCGCCTGCTGTT	6	0.857142857142857
139	7	2	0.591672778582327	1	TGTTCGTGCGCCTGCTGTTC	6	0.857142857142857
140	7	2	0.591672778582327	1	GTTCGTGCGCCTGCTGTTCG	6	0.857142857142857
141	7	2	0.591672778582327	1	TTCGTGCGCCTGCTGTTCGC	6	0.857142857142857
142	7	2	0.591672778582327	1	TCGTGCGCCTGCTGTTCGCC	6	0.857142857142857
143	7	2	0.591672778582327	1	CGTGCGCCTGCTGTTCGCCC	6	0.857142857142857
144	7	2	0.591672778582327	1	GTGCGCCTGCTGTTCGCCCA	6	0.857142857142857
145	7	2	0.591672778582327	1	TGCGCCTGCTGTTCGCCCAG	6	0.857142857142857
146	7	2	0.591672778582327	1	GCGCCTGCTGTTCGCCCAGC	6	0.857142857142857
147	7	2	0.591672778582327	1	CGCCTGCTGTTCGCCCAGCA	6	0.857142857142857
148	7	2	0.591672778582327	1	GCCTGCTGTTCGCCCAGCAC	6	0.857142857142857
149	7	2	0.591672778582327	1	CCTGCTGTTCGCCCAGCACT	6	0.857142857142857
150	7	2	0.591672778582327	1	CTGCTGTTCGCCCAGCACTT	6	0.857142857142857
151	7	2	0.591672778582327	1	TGCTGTTCGCCCAGCACTTC	6	0.857142857142857
152	7	2	0.591672778582327	1	GCTGTTCGCCCAGCACTTCA	6	0.857142857142857
153	7	2	0.591672778582327	1	CTGTTCGCCCAGCACTTCAA	6	0.857142857142857
154	7	2	0.591672778582327	1	TGTTCGCCCAGCACTTCAAG	6	0.857142857142857
155	7	2	0.591672778582327	1	GTTCGCCCAGCACTTCAAGG	6	0.857142857142857
156	7	2	0.591672778582327	1	TTCGCCCAGCACTTCAAGGA	6	0.857142857142857
157	7	2	0.591672778582327	1	TCGCCCAGCACTTCAAGGAG	6	0.857142857142857
158	7	2	0.591672778582327	1	CGCCCAGCACTTCAAGGAGA	6	0.857142857142857
159	7	2	0.591672778582327	1	GCCCAGCACTTCAAGGAGAA	6	0.857142857142857
160	7	2	0.591672778582327	1	CCCAGCACTTCAAGGAGAAC	6	0.857142857142857
161	7	2	0.591672778582327	1	CCAGCACTTCAAGGAGAACT	6	0.857142857142857
162	7	2	0.591672778582327	1	CAGCACTTCAAGGAGAACTT	6	0.857142857142857
163	7	2	0.591672778582327	1	AGCACTTCAAGGAGAACTTC	6	0.857142857142857
164	7	2	0.591672778582327	1	GCACTTCAAGGAGAACTTCG	6	0.857142857142857
165	7	2	0.591672778582327	1	CACTTCAAGGAGAACTTCGA	6	0.857142857142857
166	7	3	1.14883485428092	1	ACTTCAAGGAGAACTTCGAC	5	0.714285714285714
167	7	4	1.66449777920046	1	CTTCAAGGAGAACTTCGACA	4	0.571428571428571
168	7	4	1.66449777920046	1	TTCAAGGAGAACTTCGACAT	4	0.571428571428571
169	7	4	1.66449777920046	1	TCAAGGAGAACTTCGACATC	4	0.571428571428571
170	7	4	1.66449777920046	1	CAAGGAGAACTTCGACATCG	4	0.571428571428571
171	7	3	1.14883485428092	1	AAGGAGAACTTCGACATCGC	5	0.714285714285714
172	7	3	1.14883485428092	1	AGGAGAACTTCGACATCGCC	5	0.714285714285714
173	7	3	1.14883485428092	1	GGAGAACTTCGACATCGCCA	5	0.714285714285714
174	7	3	1.14883485428092	1	GAGAACTTCGACATCGCCAG	5	0.714285714285714
175	7	3	1.14883485428092	1	AGAACTTCGACATCGCCAGC	5	0.714285714285714
176	7	3	1.14883485428092	1	GAACTTCGACATCGCCAGCA	5	0.714285714285714
177	7	4	1.84237099317711	1	AACTTCGACATCGCCAGCAC	3	0.428571428571429
178	7	4	1.84237099317711	1	ACTTCGACATCGCCAGCACC	3	0.428571428571429
179	7	4	1.84237099317711	1	CTTCGACATCGCCAGCACCA	3	0.428571428571429
180	7	4	1.84237099317711	1	TTCGACATCGCCAGCACCAG	3	0.428571428571429
181	7	4	1.84237099317711	1	TCGACATCGCCAGCACCAGC	3	0.428571428571429
182	7	4	1.84237099317711	1	CGACATCGCCAGCACCAGCC	3	0.428571428571429
183	7	4	1.84237099317711	1	GACATCGCCAGCACCAGCCT	3	0.428571428571429
184	7	4	1.84237099317711	1	ACATCGCCAGCACCAGCCTG	3	0.428571428571429
185	7	4	1.84237099317711	1	CATCGCCAGCACCAGCCTGC	3	0.428571428571429
186	7	4	1.84237099317711	1	ATCGCCAGCACCAGCCTGCA	3	0.428571428571429
187	7	4	1.84237099317711	1	TCGCCAGCACCAGCCTGCAC	3	0.428571428571429
188	7	4	1.84237099317711	1	CGCCAGCACCAGCCTGCACG	3	0.428571428571429
189	7	3	1.37878349348618	1	GCCAGCACCAGCCTGCACGA	4	0.571428571428571
190	7	3	1.37878349348618	1	CCAGCACCAGCCTGCACGAG	4	0.571428571428571
191	7	4	1.66449777920046	1	CAGCACCAGCCTGCACGAGG	4	0.571428571428571
192	7	4	1.66449777920046	1	AGCACCAGCCTGCACGAGGA	4	0.571428571428571
193	7	5	2.12808527889139	1	GCACCAGCCTGCACGAGGAG	3	0.428571428571429
194	7	5	2.12808527889139	1	CACCAGCCTGCACGAGGAGA	3	0.428571428571429
195	7	5	2.12808527889139	1	ACCAGCCTGCACGAGGAGAG	3	0.428571428571429
196	7	5	2.12808527889139	1	CCAGCCTGCACGAGGAGAGC	3	0.428571428571429
197	7	5	2.12808527889139	1	CAGCCTGCACGAGGAGAGCG	3	0.428571428571429
198	7	5	2.12808527889139	1	AGCCTGCACGAGGAGAGCGC	3	0.428571428571429
199	7	5	2.12808527889139	1	GCCTGCACGAGGAGAGCGCC	3	0.428571428571429
200	7	5	2.12808527889139	1	CCTGCACGAGGAGAGCGCCG	3	0.428571428571429
201	7	5	2.12808527889139	1	CTGCACGAGGAGAGCGCCGT	3	0.428571428571429
202	7	5	2.12808527889139	1	TGCACGAGGAGAGCGCCGTG	3	0.428571428571429
203	7	5	2.12808527889139	1	GCACGAGGAGAGCGCCGTGT	3	0.428571428571429
204	7	5	2.12808527889139	1	CACGAGGAGAGCGCCGTGTT	3	0.428571428571429
205	7	5	2.12808527889139	1	ACGAGGAGAGCGCCGTGTTC	3	0.428571428571429
206	7	5	2.12808527889139	1	CGAGGAGAGCGCCGTGTTCG	3	0.428571428571429
207	7	5	2.12808527889139	1	GAGGAGAGCGCCGTGTTCGG	3	0.428571428571429
208	7	5	2.12808527889139	1	AGGAGAGCGCCGTGTTCGGC	3	0.428571428571429
209	7	5	2.12808527889139	1	GGAGAGCGCCGTGTTCGGCG	3	0.428571428571429
210	7	5	2.12808527889139	1	GAGAGCGCCGTGTTCGGCGG	3	0.428571428571429
211	7	5	2.12808527889139	1	AGAGCGCCGTGTTCGGCGGC	3	0.428571428571429
212	7	6	2.52164063634332	1	GAGCGCCGTGTTCGGCGGCG	2	0.285714285714286
213	7	6	2.52164063634332	1	AGCGCCGTGTTCGGCGGCGC	2	0.285714285714286
214	7	6	2.52164063634332	1	GCGCCGTGTTCGGCGGCGCC	2	0.285714285714286
215	7	5	2.12808527889139	1	CGCCGTGTTCGGCGGCGCCA	3	0.428571428571429
216	7	6	2.52164063634332	1	GCCGTGTTCGGCGGCGCCAA	2	0.285714285714286
217	7	6	2.52164063634332	1	CCGTGTTCGGCGGCGCCAAG	2	0.285714285714286
218	7	6	2.52164063634332	1	CGTGTTCGGCGGCGCCAAGC	2	0.285714285714286
219	7	6	2.52164063634332	1	GTGTTCGGCGGCGCCAAGCG	2	0.285714285714286
220	7	6	2.52164063634332	1	TGTTCGGCGGCGCCAAGCGC	2	0.285714285714286
221	7	6	2.52164063634332	1	GTTCGGCGGCGCCAAGCGCG	2	0.285714285714286
222	7	7	2.8073549220576	1	TTCGGCGGCGCCAAGCGCGT	1	0.142857142857143
223	7	7	2.8073549220576	1	TCGGCGGCAAGAAGAACGCC	1	0.142857142857143
224	7	7	2.8073549220576	1	CGGCGGCGCCAAGCGCGCCG	1	0.142857142857143
225	7	7	2.8073549220576	1	GGCGGCGCCAAGCGCGCCGA	1	0.142857142857143
226	7	7	2.8073549220576	1	GCGGCAACAAGCGCATGGAG	1	0.142857142857143
227	7	7	2.8073549220576	1	CGGCAACAAGCGCATGGAGG	1	0.142857142857143
228	7	7	2.8073549220576	1	GGCAAGAAGAACGCCGAGGA	1	0.142857142857143
229	7	7	2.8073549220576	1	GCGCCATCCGCGTGGAGGAG	1	0.142857142857143
230	7	7	2.8073549220576	1	CGCCAAGCGCGCCGAGGAGG	1	0.142857142857143
231	7	7	2.8073549220576	1	AACAAGCGCATGGAGGAGGG	1	0.142857142857143
232	7	7	2.8073549220576	1	CCATCCGCGTGGAGGAGGCC	1	0.142857142857143
233	7	7	2.8073549220576	1	CCAGCGCATCATCGACGGCG	1	0.142857142857143
234	7	7	2.8073549220576	1	ATCCGCGTGGAGGAGGCCGT	1	0.142857142857143
235	7	7	2.8073549220576	1	TCCGCGTGGAGGAGGCCGTG	1	0.142857142857143
236	7	7	2.8073549220576	1	GCGCATCATCGACGGCGTGC	1	0.142857142857143
237	7	7	2.8073549220576	1	CGCATGGAGGAGGGCGTGCA	1	0.142857142857143
238	7	7	2.8073549220576	1	GCGTGGAGGAGGGCGTGCTG	1	0.142857142857143
239	7	7	2.8073549220576	1	CGTGGAGGAGGCCGTGGAGA	1	0.142857142857143
240	7	7	2.8073549220576	1	ATGGAGGAGGGCGTGCAGGT	1	0.142857142857143
241	7	7	2.8073549220576	1	CCGAGGAGGGCGTGATGGTG	1	0.142857142857143
242	7	7	2.8073549220576	1	CATCGACGGCGTGCTGACCC	1	0.142857142857143
243	7	6	2.52164063634332	1	GAGGAGGGCGTGCAGGTGCT	2	0.285714285714286
244	7	6	2.52164063634332	1	AGGAGGGCGTGCAGGTGCTG	2	0.285714285714286
245	7	6	2.52164063634332	1	GGAGGGCGTGCAGGTGCTGG	2	0.285714285714286
246	7	6	2.52164063634332	1	GAGGGCGTGCAGGTGCTGGT	2	0.285714285714286
247	7	6	2.52164063634332	1	AGGGCGTGCAGGTGCTGGTG	2	0.285714285714286
248	7	7	2.8073549220576	1	CGGCGTGCTGACCCTGGCCC	1	0.142857142857143
249	7	7	2.8073549220576	1	GCCGTGGAGACCCTGATCGC	1	0.142857142857143
250	7	7	2.8073549220576	1	CCGTGGAGACCCTGATCGCC	1	0.142857142857143
251	7	7	2.8073549220576	1	CGTGGAGACCCTGATCGCCC	1	0.142857142857143
252	7	7	2.8073549220576	1	GTGATGGTGCTGGCCCGCCG	1	0.142857142857143
253	7	7	2.8073549220576	1	TGCTGGTGCTGGCCCGCCGC	1	0.142857142857143
254	7	7	2.8073549220576	1	GCTGGTGCTGGCCCGCCGCT	1	0.142857142857143
255	7	7	2.8073549220576	1	CTGACCCTGGCCCGCCGCTA	1	0.142857142857143
256	7	6	2.52164063634332	1	TGGTGCTGGCCCGCCGCTAC	2	0.285714285714286
257	7	6	2.52164063634332	1	GGTGCTGGCCCGCCGCTACC	2	0.285714285714286
258	7	6	2.52164063634332	1	GTGCTGGCCCGCCGCTACCC	2	0.285714285714286
259	7	6	2.52164063634332	1	TGCTGGCCCGCCGCTACCCG	2	0.285714285714286
260	7	6	2.52164063634332	1	GCTGGCCCGCCGCTACCCGA	2	0.285714285714286
261	7	6	2.52164063634332	1	CTGGCCCGCCGCTACCCGAA	2	0.285714285714286
262	7	6	2.52164063634332	1	TGGCCCGCCGCTACCCGAAC	2	0.285714285714286
263	7	6	2.52164063634332	1	GGCCCGCCGCTACCCGAACC	2	0.285714285714286
264	7	6	2.52164063634332	1	GCCCGCCGCTACCCGAACCT	2	0.285714285714286
265	7	6	2.52164063634332	1	CCCGCCGCTACCCGAACCTG	2	0.285714285714286
266	7	6	2.52164063634332	1	CCGCCGCTACCCGAACCTGC	2	0.285714285714286
267	7	6	2.52164063634332	1	CGCCGCTACCCGAACCTGCG	2	0.285714285714286
268	7	6	2.52164063634332	1	GCCGCTACCCGAACCTGCGC	2	0.285714285714286
269	7	5	2.23592635062903	1	CCGCTACCCGGAGCTGCGCG	2	0.285714285714286
270	7	5	2.23592635062903	1	CGCTACCCGGAGCTGCGCGT	2	0.285714285714286
271	7	5	2.23592635062903	1	GCTACCCGGAGCTGCGCGTG	2	0.285714285714286
272	7	5	2.23592635062903	1	CTACCCGAACCTGCGCGTGA	2	0.285714285714286
273	7	5	2.23592635062903	1	TACCCGGAGCTGCGCGTGAT	2	0.285714285714286
274	7	5	2.23592635062903	1	ACCCGAACCTGCGCGTGATC	2	0.285714285714286
275	7	5	2.23592635062903	1	CCCGAACCTGCGCGTGATCC	2	0.285714285714286
276	7	5	2.23592635062903	1	CCGAACCTGCGCGTGATCCC	2	0.285714285714286
277	7	5	2.23592635062903	1	CGGAGCTGCGCGTGATCCCG	2	0.285714285714286
278	7	6	2.52164063634332	1	GAACCTGCGCGTGATCCCGA	2	0.285714285714286
279	7	6	2.52164063634332	1	AACCTGCGCGTGATCCCGAT	2	0.285714285714286
280	7	5	2.23592635062903	1	ACCTGCGCGTGATCCCGATC	2	0.285714285714286
281	7	6	2.52164063634332	1	CCTGCGCGTGATCCCGATCA	2	0.285714285714286
282	7	5	2.12808527889139	1	CTGCGCGTGATCCCGATCAT	3	0.428571428571429
283	7	5	2.12808527889139	1	TGCGCGTGATCCCGATCATC	3	0.428571428571429
284	7	5	2.12808527889139	1	GCGCGTGATCCCGATCATCA	3	0.428571428571429
285	7	5	2.12808527889139	1	CGCGTGATCCCGATCATCAC	3	0.428571428571429
286	7	5	2.12808527889139	1	GCGTGATCCCGATCATCACC	3	0.428571428571429
287	7	5	2.12808527889139	1	CGTGATCCCGATCATCACCA	3	0.428571428571429
288	7	5	2.12808527889139	1	GTGATCCCGATCATCACCAC	3	0.428571428571429
289	7	4	1.66449777920046	1	TGATCCCGATCATCACCACC	4	0.571428571428571
290	7	4	1.66449777920046	1	GATCCCGATCATCACCACCT	4	0.571428571428571
291	7	3	1.14883485428092	1	ATCCCGATCATCACCACCTG	5	0.714285714285714
292	7	3	1.14883485428092	1	TCCCGATCATCACCACCTGC	5	0.714285714285714
293	7	3	1.14883485428092	1	CCCGATCATCACCACCTGCA	5	0.714285714285714
294	7	3	1.14883485428092	1	CCGATCATCACCACCTGCAG	5	0.714285714285714
295	7	3	1.14883485428092	1	CGATCATCACCACCTGCAGC	5	0.714285714285714
296	7	3	1.14883485428092	1	GATCATCACCACCTGCAGCA	5	0.714285714285714
297	7	3	1.14883485428092	1	ATCATCACCACCTGCAGCAC	5	0.714285714285714
298	7	3	1.14883485428092	1	TCATCACCACCTGCAGCACC	5	0.714285714285714
299	7	3	1.14883485428092	1	CATCACCACCTGCAGCACCG	5	0.714285714285714
300	7	2	0.591672778582327	1	ATCACCACCTGCAGCACCGA	6	0.857142857142857
301	7	2	0.591672778582327	1	TCACCACCTGCAGCACCGAG	6	0.857142857142857
302	7	3	1.44881563572518	1	CACCACCTGCAGCACCGAGG	3	0.428571428571429
303	7	3	1.44881563572518	1	ACCACCTGCAGCACCGAGGT	3	0.428571428571429
304	7	3	1.44881563572518	1	CCACCTGCAGCACCGAGGTG	3	0.428571428571429
305	7	3	1.44881563572518	1	CACCTGCAGCACCGAGGTGA	3	0.428571428571429
306	7	3	1.44881563572518	1	ACCTGCAGCACCGAGGTGAT	3	0.428571428571429
307	7	3	1.44881563572518	1	CCTGCAGCACCGAGACCATC	3	0.428571428571429
308	7	3	1.44881563572518	1	CTGCAGCACCGAGACCATCG	3	0.428571428571429
309	7	3	1.44881563572518	1	TGCAGCACCGAGGTGATCGG	3	0.428571428571429
310	7	3	1.44881563572518	1	GCAGCACCGAGACCATCGGC	3	0.428571428571429
311	7	3	1.44881563572518	1	CAGCACCGAGGTGATCGGCG	3	0.428571428571429
312	7	3	1.44881563572518	1	AGCACCGAGACCATCGGCGA	3	0.428571428571429
313	7	3	1.44881563572518	1	GCACCGAGGTGATCGGCGAC	3	0.428571428571429
314	7	3	1.44881563572518	1	CACCGAGGTGATCGGCGACG	3	0.428571428571429
315	7	3	1.44881563572518	1	ACCGAGGTGATCGGCGACGA	3	0.428571428571429
316	7	3	1.44881563572518	1	CCGAGGTGATCGGCGACGAC	3	0.428571428571429
317	7	5	2.23592635062903	1	CGAGACCATCGGCGACGACA	2	0.285714285714286
318	7	5	2.23592635062903	1	GAGGTGATCGGCGACGACAT	2	0.285714285714286
319	7	5	2.23592635062903	1	AGACCATCGGCGACGACATC	2	0.285714285714286
320	7	5	2.23592635062903	1	GACCATCGGCGACGACATCG	2	0.285714285714286
321	7	5	2.23592635062903	1	ACCATCGGCGACGACATCGA	2	0.285714285714286
322	7	5	2.23592635062903	1	TGATCGGCGACGACATCGAG	2	0.285714285714286
323	7	4	1.84237099317711	1	CATCGGCGACGACATCGAGG	3	0.428571428571429
324	7	2	0.863120568566631	1	ATCGGCGACGACATCGAGGG	5	0.714285714285714
325	7	2	0.863120568566631	1	TCGGCGACGACATCGAGGGC	5	0.714285714285714
326	7	2	0.863120568566631	1	CGGCGACGACATCGAGGGCA	5	0.714285714285714
327	7	5	2.23592635062903	1	GGCGACGACATCGAGGGCAT	2	0.285714285714286
328	7	5	2.23592635062903	1	GCGACGACGTGGAGGGCACC	2	0.285714285714286
329	7	6	2.52164063634332	1	CGACGACGTGGAGGGCACCA	2	0.285714285714286
330	7	6	2.52164063634332	1	GACGACGTGGAGGGCACCAT	2	0.285714285714286
331	7	6	2.52164063634332	1	ACGACGTGGAGGGCACCATC	2	0.285714285714286
332	7	6	2.52164063634332	1	CGACGTGGAGGGCACCATCA	2	0.285714285714286
333	7	6	2.52164063634332	1	GACGTGGAGGGCACCATCAA	2	0.285714285714286
334	7	6	2.52164063634332	1	ACGTGGAGGGCACCATCAAC	2	0.285714285714286
335	7	7	2.8073549220576	1	CGTGGAGGGCACCATCAACG	1	0.142857142857143
336	7	7	2.8073549220576	1	GTGGAGGGCACCATCAACAA	1	0.142857142857143
337	7	7	2.8073549220576	1	TGGAGGGCACCATCAACAAG	1	0.142857142857143
338	7	7	2.8073549220576	1	CGAGGGCATCATCCGCAAGG	1	0.142857142857143
339	7	7	2.8073549220576	1	GAGGGCATCGCCGAGATCAT	1	0.142857142857143
340	7	7	2.8073549220576	1	AGGGCACCATCAACGTGCTG	1	0.142857142857143
341	7	7	2.8073549220576	1	GGGCAGCATCCGCGTGTGCA	1	0.142857142857143
342	7	7	2.8073549220576	1	GGCAACATCGGCAAGGCCAA	1	0.142857142857143
343	7	7	2.8073549220576	1	GCAGCATCCGCGTGTGCAAC	1	0.142857142857143
344	7	7	2.8073549220576	1	CATCATCCGCAAGGTGAACC	1	0.142857142857143
345	7	7	2.8073549220576	1	ACCATCAACAAGGTGAACAA	1	0.142857142857143
346	7	7	2.8073549220576	1	GCATCCGCGTGTGCAACCGC	1	0.142857142857143
347	7	7	2.8073549220576	1	CGCCGAGATCATGAACCGCA	1	0.142857142857143
348	7	7	2.8073549220576	1	ATCCGCAAGGTGAACCAGAA	1	0.142857142857143
349	7	7	2.8073549220576	1	TCAACAAGGTGAACAAGTTC	1	0.142857142857143
350	7	7	2.8073549220576	1	CGGCAAGGCCAACGCCGCCC	1	0.142857142857143
351	7	7	2.8073549220576	1	AACCGCTGCAACCGCGCCCT	1	0.142857142857143
352	7	7	2.8073549220576	1	GCAAGGCCAACGCCGCCCTG	1	0.142857142857143
353	7	7	2.8073549220576	1	CAAGGTGAACCAGAAGATCA	1	0.142857142857143
354	7	7	2.8073549220576	1	ATCATGAACCGCAAGCTGAA	1	0.142857142857143
355	7	7	2.8073549220576	1	TGCTGAACCGCTGGCTGAAG	1	0.142857142857143
356	7	7	2.8073549220576	1	GGTGAACCAGAAGATCAAGG	1	0.142857142857143
357	7	7	2.8073549220576	1	GCCAACGCCGCCCTGAAGAA	1	0.142857142857143
358	7	7	2.8073549220576	1	TGAACCGCTGGCTGAAGGAG	1	0.142857142857143
359	7	7	2.8073549220576	1	CAACGCCGCCCTGAAGAAGG	1	0.142857142857143
360	7	7	2.8073549220576	1	AACCGCAAGCTGAAGAAGAG	1	0.142857142857143
361	7	7	2.8073549220576	1	ACCGCAAGCTGAAGAAGAGC	1	0.142857142857143
362	7	7	2.8073549220576	1	CCGCGCCCTGAAGGAGGAGT	1	0.142857142857143
363	7	7	2.8073549220576	1	AAGTTCCTGAAGAAGGAGTA	1	0.142857142857143
364	7	7	2.8073549220576	1	GCTGGCTGAAGGAGAACCAC	1	0.142857142857143
365	7	7	2.8073549220576	1	GTTCCTGAAGAAGGAGTACC	1	0.142857142857143
366	7	7	2.8073549220576	1	GCCCTGAAGAAGGAGTTCCC	1	0.142857142857143
367	7	7	2.8073549220576	1	AGCTGAAGAAGAGCCACCCG	1	0.142857142857143
368	7	7	2.8073549220576	1	GATCAAGGAGAACCACCCGG	1	0.142857142857143
369	7	7	2.8073549220576	1	ATCAAGGAGAACCACCCGGA	1	0.142857142857143
370	7	7	2.8073549220576	1	TGAAGGAGAACCACCCGGAC	1	0.142857142857143
371	7	7	2.8073549220576	1	GAAGAAGGAGTTCCCGGGCC	1	0.142857142857143
372	7	6	2.52164063634332	1	AAGGAGAACCACCCGGACCG	2	0.285714285714286
373	7	6	2.52164063634332	1	AGGAGAACCACCCGGACCGC	2	0.285714285714286
374	7	7	2.8073549220576	1	GAAGGAGTACCCGAACCGCG	1	0.142857142857143
375	7	7	2.8073549220576	1	AAGGAGTACCCGAACCGCGA	1	0.142857142857143
376	7	7	2.8073549220576	1	CCGAGTTCCCGGACCGCAAG	1	0.142857142857143
377	7	7	2.8073549220576	1	GGAGTACCCGAACCGCGAGG	1	0.142857142857143
378	7	7	2.8073549220576	1	GAGTTCCCGGGCCGCGAGAT	1	0.142857142857143
379	7	7	2.8073549220576	1	AGTTCCCGGACCGCAAGATC	1	0.142857142857143
380	7	7	2.8073549220576	1	GTTCCCGGGCCGCGAGATCC	1	0.142857142857143
381	7	7	2.8073549220576	1	TACCCGAACCGCGAGGTGAA	1	0.142857142857143
382	7	7	2.8073549220576	1	TCCCGGACCGCAAGATCTAC	1	0.142857142857143
383	7	7	2.8073549220576	1	CCCGGGCCGCAAGATCCACG	1	0.142857142857143
384	7	7	2.8073549220576	1	CCGAACCGCGAGGTGAAGCT	1	0.142857142857143
385	7	7	2.8073549220576	1	CGGACCGCAAGATCTACCTG	1	0.142857142857143
386	7	7	2.8073549220576	1	GGGCCGCGAGATCCACCTGG	1	0.142857142857143
387	7	7	2.8073549220576	1	GACCGCAAGGTGACCCTGAT	1	0.142857142857143
388	7	7	2.8073549220576	1	ACCGCAAGGTGCACCTGGTG	1	0.142857142857143
389	7	7	2.8073549220576	1	CCGCGAGATCCACCTGGTGC	1	0.142857142857143
390	7	7	2.8073549220576	1	CGCAAGGTGCACCTGGTGCC	1	0.142857142857143
391	7	7	2.8073549220576	1	GCAAGATCCACGTGGTGCCG	1	0.142857142857143
392	7	7	2.8073549220576	1	CAAGATCCACGTGGTGCCGG	1	0.142857142857143
393	7	7	2.8073549220576	1	AAGATCTACCTGGCCCCGGT	1	0.142857142857143
394	7	7	2.8073549220576	1	AGGTGAAGCTGATCCCGGTG	1	0.142857142857143
395	7	7	2.8073549220576	1	GGTGCACCTGGTGCCGGTGC	1	0.142857142857143
396	7	7	2.8073549220576	1	GTGAAGCTGGTGGCCATCCA	1	0.142857142857143
397	7	7	2.8073549220576	1	TGCACCTGGTGCCGGTGCAC	1	0.142857142857143
398	7	7	2.8073549220576	1	GAAGCTGGTGGCCATCCACA	1	0.142857142857143
399	7	6	2.52164063634332	1	CACCTGGTGCCGGTGCACAC	2	0.285714285714286
400	7	6	2.52164063634332	1	ACCTGGTGCCGGTGCACACC	2	0.285714285714286
401	7	6	2.52164063634332	1	CCTGGTGCCGGTGCACACCC	2	0.285714285714286
402	7	5	2.23592635062903	1	CTGATCCCGGTGCACACCCC	2	0.285714285714286
403	7	4	1.84237099317711	1	TGGTGCCGGTGCACACCCCG	3	0.428571428571429
404	7	4	1.84237099317711	1	GGTGCCGGTGCACACCCCGA	3	0.428571428571429
405	7	4	1.84237099317711	1	GTGCCGGTGCACACCCCGAG	3	0.428571428571429
406	7	4	1.84237099317711	1	TGCCGGTGCACACCCCGAGC	3	0.428571428571429
407	7	3	1.44881563572518	1	GCCGGTGCACACCCCGAGCT	3	0.428571428571429
408	7	3	1.37878349348618	1	CCGGTGCACACCCCGAGCTT	4	0.571428571428571
409	7	3	1.37878349348618	1	CGGTGCACACCCCGAGCTTC	4	0.571428571428571
410	7	4	1.66449777920046	1	GGTGCACACCCCGAGCTTCA	4	0.571428571428571
411	7	4	1.66449777920046	1	GTGCACACCCCGAGCTTCAA	4	0.571428571428571
412	7	4	1.66449777920046	1	TGCACACCCCGAGCTTCAAG	4	0.571428571428571
413	7	4	1.66449777920046	1	GCACACCCCGAGCTTCAAGG	4	0.571428571428571
414	7	4	1.84237099317711	1	CACACCCCGAGCTTCAAGGG	3	0.428571428571429
415	7	4	1.84237099317711	1	ACACCCCGAGCTTCAAGGGC	3	0.428571428571429
416	7	4	1.84237099317711	1	CACCCCGAGCTTCAAGGGCA	3	0.428571428571429
417	7	4	1.84237099317711	1	ACCCCGAGCTTCAAGGGCAG	3	0.428571428571429
418	7	4	1.84237099317711	1	CCCCGAGCTTCAAGGGCAGC	3	0.428571428571429
419	7	5	2.12808527889139	1	CCCGAGCTTCAAGGGCAGCC	3	0.428571428571429
420	7	5	2.12808527889139	1	CCGAGCTTCAAGGGCAGCCA	3	0.428571428571429
421	7	5	2.12808527889139	1	CGAGCTTCAAGGGCAGCCAC	3	0.428571428571429
422	7	5	2.12808527889139	1	GAGCTTCAAGGGCAGCCACG	3	0.428571428571429
423	7	5	2.12808527889139	1	AGCTTCAAGGGCAGCCACGT	3	0.428571428571429
424	7	5	2.12808527889139	1	GCTTCAAGGGCAGCCACGTG	3	0.428571428571429
425	7	5	2.12808527889139	1	CTTCAAGGGCAGCCACGTGA	3	0.428571428571429
426	7	6	2.52164063634332	1	TTCAAGGGCAGCCACGTGAG	2	0.285714285714286
427	7	6	2.52164063634332	1	TCAAGGGCAGCCACGTGAGC	2	0.285714285714286
428	7	6	2.52164063634332	1	CAAGGGCAGCCACGTGAGCG	2	0.285714285714286
429	7	6	2.52164063634332	1	AAGGGCAGCCACGTGAGCGG	2	0.285714285714286
430	7	6	2.52164063634332	1	AGGGCAGCCACGTGAGCGGC	2	0.285714285714286
431	7	6	2.52164063634332	1	GGGCAGCCACGTGAGCGGCT	2	0.285714285714286
432	7	6	2.52164063634332	1	GGCAGCCACGTGAGCGGCTA	2	0.285714285714286
433	7	6	2.52164063634332	1	GCAGCCACGTGAGCGGCTAC	2	0.285714285714286
434	7	6	2.52164063634332	1	CAGCCACGTGAGCGGCTACG	2	0.285714285714286
435	7	7	2.8073549220576	1	AGCCACGTGCAGGGCTACAA	1	0.142857142857143
436	7	7	2.8073549220576	1	GCCACGTGACCGGCTACGCC	1	0.142857142857143
437	7	7	2.8073549220576	1	CCACGTGAGCGGCTACGCCG	1	0.142857142857143
438	7	7	2.8073549220576	1	CACGTGCAGGGCTACAACGT	1	0.142857142857143
439	7	7	2.8073549220576	1	ACGTGCAGGGCTACAACGTG	1	0.142857142857143
440	7	7	2.8073549220576	1	GGTGACCGGCTACGACAACG	1	0.142857142857143
441	7	7	2.8073549220576	1	GTGAGCGGCTACGCCGAGTG	1	0.142857142857143
442	7	7	2.8073549220576	1	TGAGCGGCTACGACGAGTGC	1	0.142857142857143
443	7	7	2.8073549220576	1	GACCGGCTACGCCGAGTGCG	1	0.142857142857143
444	7	7	2.8073549220576	1	ACCGGCTACGACAACGCCAT	1	0.142857142857143
445	7	6	2.52164063634332	1	GCGGCTACGCCGAGTGCATG	2	0.285714285714286
446	7	7	2.8073549220576	1	CGGCTACGACAACGCCATCA	1	0.142857142857143
447	7	7	2.8073549220576	1	GGCTACGACGCCGGCGTGAC	1	0.142857142857143
448	7	7	2.8073549220576	1	GCTACGACGCCGGCGTGACC	1	0.142857142857143
449	7	7	2.8073549220576	1	CTACGACGAGTGCGTGAAGG	1	0.142857142857143
450	7	7	2.8073549220576	1	TACGCCGAGTGCATGGTGAG	1	0.142857142857143
451	7	7	2.8073549220576	1	ACGCCGAGTGCATGGTGAGC	1	0.142857142857143
452	7	7	2.8073549220576	1	CGACGAGTGCGTGAAGGCCA	1	0.142857142857143
453	7	7	2.8073549220576	1	GCCGAGTGCATGCAGGCCAT	1	0.142857142857143
454	7	7	2.8073549220576	1	ACGTGGCCGTGAAGGCCTTC	1	0.142857142857143
455	7	7	2.8073549220576	1	CGAGTGCATGGTGAGCATGG	1	0.142857142857143
456	7	7	2.8073549220576	1	GAGTGCATGGTGAGCATGGT	1	0.142857142857143
457	7	7	2.8073549220576	1	CCGGCGTGACCAGCCTGATC	1	0.142857142857143
458	7	7	2.8073549220576	1	GTGCGTGAAGGCCATGGTGA	1	0.142857142857143
459	7	7	2.8073549220576	1	GGCGTGACCAGCCTGATCAC	1	0.142857142857143
460	7	7	2.8073549220576	1	CCATCAGCGCCATGGTGAAG	1	0.142857142857143
461	7	7	2.8073549220576	1	CATGCAGGCCATCATCAAGA	1	0.142857142857143
462	7	7	2.8073549220576	1	GTGAAGGCCTTCGTGAACGC	1	0.142857142857143
463	7	7	2.8073549220576	1	TGCAGGCCATCATCAAGACC	1	0.142857142857143
464	7	7	2.8073549220576	1	GACCAGCCTGATCACCAACC	1	0.142857142857143
465	7	7	2.8073549220576	1	ACCAGCCTGATCACCAACCT	1	0.142857142857143
466	7	7	2.8073549220576	1	TGAGCATGGTGAAGACCATG	1	0.142857142857143
467	7	7	2.8073549220576	1	GGCCATCATCAAGACCATCT	1	0.142857142857143
468	7	7	2.8073549220576	1	AGCGTGTTCAAGACCATCAC	1	0.142857142857143
469	7	7	2.8073549220576	1	CCATGGTGAAGGCCCTGGCC	1	0.142857142857143
470	7	7	2.8073549220576	1	CATCATCAAGACCATCTGCG	1	0.142857142857143
471	7	3	2.8073549220576	1	TTCGTGAACGCCCTGGCCAA	1	0.142857142857143
472	7	3	2.8073549220576	1	TGATCACCAACCTGGCCAAG	1	0.142857142857143
473	7	3	2.8073549220576	1	GATCACCAACCTGGCCAAGA	1	0.142857142857143
474	7	3	2.8073549220576	1	GTGAACGCCCTGGCCAAGAA	1	0.142857142857143
475	7	3	2.8073549220576	1	TCACCAACCTGGCCAAGAAG	1	0.142857142857143
476	7	3	2.8073549220576	1	CACCAACCTGGCCAAGAAGG	1	0.142857142857143
477	7	3	2.8073549220576	1	ACCAACCTGGCCAAGAAGGG	1	0.142857142857143
478	7	3	2.8073549220576	1	CCAACCTGGCCAAGAAGGGC	1	0.142857142857143
479	7	3	2.8073549220576	1	CGCCCTGGCCAAGAAGGGCG	1	0.142857142857143
480	7	2	2.52164063634332	1	GCCCTGGCCAAGAAGGGCGA	2	0.285714285714286
481	7	2	2.52164063634332	1	CCCTGGCCAAGAAGGGCGAG	2	0.285714285714286
482	7	1	2.12808527889139	1	CCTGGCCAAGAAGGGCGAGC	3	0.428571428571429
483	7	1	2.12808527889139	1	CTGGCCAAGAAGGGCGAGCC	3	0.428571428571429
484	7	1	2.12808527889139	1	TGGCCAAGAAGGGCGAGCCG	3	0.428571428571429
485	7	1	2.12808527889139	1	GGCCAAGAAGGGCGAGCCGA	3	0.428571428571429
486	7	2	2.52164063634332	1	GCCAAGAAGGGCGAGCCGAA	2	0.285714285714286
487	7	2	2.52164063634332	1	CCAAGAAGGGCGAGCCGAAC	2	0.285714285714286
488	7	2	2.52164063634332	1	CAAGAAGGGCGAGCCGAACG	2	0.285714285714286
489	7	2	2.52164063634332	1	AAGAAGGGCGAGCCGAACGG	2	0.285714285714286
490	7	6	2.52164063634332	1	AGAAGGGCGAGCCGAACGGC	2	0.285714285714286
491	7	6	2.52164063634332	1	GAAGGGCGAGCCGAACGGCA	2	0.285714285714286
492	7	6	2.52164063634332	1	AAGGGCGAGCCGAACGGCAA	2	0.285714285714286
493	7	6	2.52164063634332	1	AGGGCGAGCCGAACGGCAAG	2	0.285714285714286
494	7	6	2.52164063634332	1	GGGCGAGCCGAACGGCAAGC	2	0.285714285714286
495	7	6	2.52164063634332	1	GGCGAGCCGAACGGCAAGCT	2	0.285714285714286
496	7	6	2.52164063634332	1	GCGAGCCGAACGGCAAGCTG	2	0.285714285714286
497	7	6	2.52164063634332	1	CGAGCCGAACGGCAAGCTGA	2	0.285714285714286
498	7	6	2.52164063634332	1	GAGCCGAACGGCAAGCTGAA	2	0.285714285714286
499	7	5	2.12808527889139	1	AGCCGAACGGCAAGCTGAAC	3	0.428571428571429
500	7	5	2.23592635062903	1	GCCGAACGGCAAGCTGAACG	2	0.285714285714286
501	7	5	2.23592635062903	1	CCGAACGGCAAGCTGAACGT	2	0.285714285714286
502	7	5	2.23592635062903	1	CGAGCGGCAAGCTGAACGTG	2	0.285714285714286
503	7	6	2.52164063634332	1	GAGCGGCAAGCTGAACGTGT	2	0.285714285714286
504	7	6	2.52164063634332	1	AGCGGCAAGCTGAACGTGTT	2	0.285714285714286
505	7	6	2.52164063634332	1	GCGGCAAGCTGAACGTGTTC	2	0.285714285714286
506	7	4	1.66449777920046	1	CGGCAAGCTGAACGTGTTCC	4	0.571428571428571
507	7	4	1.66449777920046	1	GGCAAGCTGAACGTGTTCCC	4	0.571428571428571
508	7	4	1.66449777920046	1	GCAAGCTGAACGTGTTCCCG	4	0.571428571428571
509	7	4	1.66449777920046	1	CAAGCTGAACGTGTTCCCGG	4	0.571428571428571
510	7	4	1.66449777920046	1	AAGCTGAACGTGTTCCCGGG	4	0.571428571428571
511	7	4	1.66449777920046	1	AGCTGAACGTGTTCCCGGGC	4	0.571428571428571
512	7	4	1.66449777920046	1	GCTGAACGTGTTCCCGGGCT	4	0.571428571428571
513	7	4	1.66449777920046	1	CTGAACGTGTTCCCGGGCTG	4	0.571428571428571
514	7	4	1.66449777920046	1	TGAACGTGTTCCCGGGCTGG	4	0.571428571428571
515	7	4	1.66449777920046	1	GAACGTGTTCCCGGGCTGGG	4	0.571428571428571
516	7	4	1.66449777920046	1	AACGTGTTCCCGGGCTGGGT	4	0.571428571428571
517	7	4	1.66449777920046	1	ACGTGTTCCCGGGCTGGGTG	4	0.571428571428571
518	7	4	1.66449777920046	1	CGTGTTCCCGGGCTGGGTGA	4	0.571428571428571
519	7	4	1.66449777920046	1	GTGTTCCCGGGCTGGGTGAA	4	0.571428571428571
520	7	4	1.66449777920046	1	TGTTCCCGGGCTGGGTGAAC	4	0.571428571428571
521	7	4	1.66449777920046	1	GTTCCCGGGCTGGGTGAACC	4	0.571428571428571
522	7	4	1.66449777920046	1	TTCCCGGGCTGGGTGAACCC	4	0.571428571428571
523	7	3	1.37878349348618	1	TCCCGGGCTGGGTGAACCCG	4	0.571428571428571
524	7	3	1.37878349348618	1	CCCGGGCTGGGTGAACCCGG	4	0.571428571428571
525	7	3	1.37878349348618	1	CCGGGCTGGGTGAACCCGGG	4	0.571428571428571
526	7	3	1.37878349348618	1	CGGGCTGGGTGAACCCGGGC	4	0.571428571428571
527	7	3	1.37878349348618	1	GGGCTGGGTGAACCCGGGCG	4	0.571428571428571
528	7	2	0.591672778582327	1	GGCTGGGTGAACCCGGGCGA	6	0.857142857142857
529	7	2	0.591672778582327	1	GCTGGGTGAACCCGGGCGAC	6	0.857142857142857
530	7	2	0.591672778582327	1	CTGGGTGAACCCGGGCGACG	6	0.857142857142857
531	7	2	0.591672778582327	1	TGGGTGAACCCGGGCGACGT	6	0.857142857142857
532	7	2	0.591672778582327	1	GGGTGAACCCGGGCGACGTG	6	0.857142857142857
533	7	3	1.37878349348618	1	GGTGAACCCGGGCGACGTGG	4	0.571428571428571
534	7	5	2.12808527889139	1	GTGAACCCGGGCGACGTGGT	3	0.428571428571429
535	7	4	1.84237099317711	1	TGAACCCGGGCGACGTGGTG	3	0.428571428571429
536	7	5	2.12808527889139	1	GAACCCGGGCGACGTGGTGC	3	0.428571428571429
537	7	5	2.12808527889139	1	AACCCGGGCGACGTGGTGCT	3	0.428571428571429
538	7	5	2.12808527889139	1	ACCCGGGCGACGTGGTGCTG	3	0.428571428571429
539	7	5	2.12808527889139	1	CCCGGGCGACGTGGTGCTGC	3	0.428571428571429
540	7	5	2.12808527889139	1	CCGGGCGACGTGGTGCTGCT	3	0.428571428571429
541	7	5	2.12808527889139	1	CGGGCGACGTGGTGCTGCTG	3	0.428571428571429
542	7	5	2.12808527889139	1	GGGCGACGTGGTGCTGCTGA	3	0.428571428571429
543	7	5	2.12808527889139	1	GGCGACGTGGTGCTGCTGAA	3	0.428571428571429
544	7	5	2.12808527889139	1	GCGACGTGGTGCTGCTGAAG	3	0.428571428571429
545	7	5	2.12808527889139	1	CGACGTGGTGCTGCTGAAGC	3	0.428571428571429
546	7	6	2.52164063634332	1	GACGTGGTGCTGCTGAAGCG	2	0.285714285714286
547	7	6	2.52164063634332	1	ACGTGGTGCTGCTGAAGCGC	2	0.285714285714286
548	7	6	2.52164063634332	1	CGTGGTGCTGCTGAAGCGCT	2	0.285714285714286
549	7	6	2.52164063634332	1	GTGGTGCTGCTGAAGCGCTA	2	0.285714285714286
550	7	6	2.52164063634332	1	TGGTGCTGCTGAAGCGCTAC	2	0.285714285714286
551	7	7	2.8073549220576	1	GGCCGAGATCAAGCACATCC	1	0.142857142857143
552	7	7	2.8073549220576	1	GTGCTGCTGAAGCGCTACTT	1	0.142857142857143
553	7	7	2.8073549220576	1	TGCTGCTGAAGCGCTACCTG	1	0.142857142857143
554	7	6	2.52164063634332	1	CGAGATCAAGCACATCCTGA	2	0.285714285714286
555	7	7	2.8073549220576	1	CTGCTGAAGCGCTACCTGCG	1	0.142857142857143
556	7	7	2.8073549220576	1	TGCTGAAGCGCTACTTCAAG	1	0.142857142857143
557	7	7	2.8073549220576	1	GGTGAAGCACATCCTGAGCG	1	0.142857142857143
558	7	7	2.8073549220576	1	CTGAAGAGCTACCTGAAGGA	1	0.142857142857143
559	7	7	2.8073549220576	1	TCAAGCACATCCTGAAGGAG	1	0.142857142857143
560	7	7	2.8073549220576	1	CAAGCACATCCTGAGCGAGA	1	0.142857142857143
561	7	6	2.52164063634332	1	AAGCACATCCTGAGCGAGAT	2	0.285714285714286
562	7	6	2.52164063634332	1	AGCACATCCTGAGCGAGATG	2	0.285714285714286
563	7	7	2.8073549220576	1	GCGCTACTTCAAGGAGATGG	1	0.142857142857143
564	7	7	2.8073549220576	1	CACATCCTGAAGGAGATGGA	1	0.142857142857143
565	7	7	2.8073549220576	1	ACTACTTCAACGAGATGGGC	1	0.142857142857143
566	7	7	2.8073549220576	1	CTACTTCAAGGAGATGGACG	1	0.142857142857143
567	7	7	2.8073549220576	1	TACTTCAACGAGATGGGCGT	1	0.142857142857143
568	7	7	2.8073549220576	1	TCCTGAAGGAGATGGACGTG	1	0.142857142857143
569	7	7	2.8073549220576	1	CCTGAAGGAGATGGACGTGA	1	0.142857142857143
570	7	7	2.8073549220576	1	TTCAACGAGATGGGCGTGGA	1	0.142857142857143
571	7	7	2.8073549220576	1	TGAGCGAGATGCAGGTGGAC	1	0.142857142857143
572	7	7	2.8073549220576	1	GAGCGAGATGGGCGTGGACG	1	0.142857142857143
573	7	7	2.8073549220576	1	AGCGAGATGCAGGTGGACGG	1	0.142857142857143
574	7	6	2.52164063634332	1	GCGAGATGGGCGTGGACGCC	2	0.285714285714286
575	7	5	2.12808527889139	1	CGAGATGGGCGTGGACGCCA	3	0.428571428571429
576	7	6	2.52164063634332	1	GAGATGGGCGTGGACGCCAC	2	0.285714285714286
577	7	6	2.52164063634332	1	AGATGGGCGTGGACGCCACC	2	0.285714285714286
578	7	7	2.8073549220576	1	GATGGGCGTGGACGCCACCG	1	0.142857142857143
579	7	6	2.52164063634332	1	ATGGGCGTGGACGCCACCGT	2	0.285714285714286
580	7	6	2.52164063634332	1	TGGGCGTGGACGCCACCGTG	2	0.285714285714286
581	7	6	2.52164063634332	1	GGGCGTGGACGCCACCGTGT	2	0.285714285714286
582	7	6	2.52164063634332	1	GGCGTGGACGCCACCGTGTT	2	0.285714285714286
583	7	6	2.52164063634332	1	GCGTGGACGCCACCGTGTTC	2	0.285714285714286
584	7	6	2.52164063634332	1	CGTGGACGCCACCGTGTTCA	2	0.285714285714286
585	7	6	2.52164063634332	1	GTGGACGCCACCGTGTTCAT	2	0.285714285714286
586	7	6	2.52164063634332	1	TGGACGCCACCGTGTTCATG	2	0.285714285714286
587	7	6	2.52164063634332	1	GGACGCCACCGTGTTCATGG	2	0.285714285714286
588	7	6	2.52164063634332	1	GACGCCACCGTGTTCATGGA	2	0.285714285714286
589	7	6	2.52164063634332	1	ACGCCACCGTGTTCATGGAC	2	0.285714285714286
590	7	6	2.52164063634332	1	CGCCACCGTGTTCATGGACA	2	0.285714285714286
591	7	6	2.52164063634332	1	GCCACCGTGTTCATGGACAC	2	0.285714285714286
592	7	6	2.52164063634332	1	CCACCGTGTTCATGGACACC	2	0.285714285714286
593	7	5	2.23592635062903	1	CACCGTGTTCATGGACACCG	2	0.285714285714286
594	7	5	2.23592635062903	1	ACCGTGTTCATGGACACCGA	2	0.285714285714286
595	7	5	2.23592635062903	1	ACATCCTGCTGGACACCGAG	2	0.285714285714286
596	7	5	2.23592635062903	1	CATCCTGCTGGACACCGAGA	2	0.285714285714286
597	7	5	2.23592635062903	1	ATCCTGCTGGACACCGAGAC	2	0.285714285714286
598	7	5	2.23592635062903	1	TGTTCATGGACACCGAGGAC	2	0.285714285714286
599	7	5	2.23592635062903	1	GTTCATGGACACCGAGGACT	2	0.285714285714286
600	7	4	1.84237099317711	1	TTCATGGACACCGAGGACTT	3	0.428571428571429
601	7	4	1.84237099317711	1	TCATGGACACCGAGGACTTC	3	0.428571428571429
602	7	4	1.66449777920046	1	CATGGACACCGAGGACTTCG	4	0.571428571428571
603	7	4	1.66449777920046	1	ATGGACACCGAGGACTTCGA	4	0.571428571428571
604	7	4	1.66449777920046	1	TGGACACCGAGGACTTCGAC	4	0.571428571428571
605	7	4	1.66449777920046	1	GGACACCGAGGACTTCGACA	4	0.571428571428571
606	7	4	1.66449777920046	1	GACACCGAGGACTTCGACAG	4	0.571428571428571
607	7	4	1.66449777920046	1	ACACCGAGGACTTCGACAGC	4	0.571428571428571
608	7	4	1.66449777920046	1	CACCGAGGACTTCGACAGCC	4	0.571428571428571
609	7	4	1.66449777920046	1	ACCGAGGACTTCGACAGCCC	4	0.571428571428571
610	7	4	1.66449777920046	1	CCGAGGACTTCGACAGCCCG	4	0.571428571428571
611	7	4	1.66449777920046	1	CGAGGACTTCGACAGCCCGA	4	0.571428571428571
612	7	4	1.66449777920046	1	GAGGACTTCGACAGCCCGAT	4	0.571428571428571
613	7	4	1.66449777920046	1	AGGACTTCGACAGCCCGATG	4	0.571428571428571
614	7	4	1.66449777920046	1	GGACTTCGACAGCCCGATGC	4	0.571428571428571
615	7	4	1.66449777920046	1	GACTTCGACAGCCCGATGCT	4	0.571428571428571
616	7	4	1.66449777920046	1	ACTTCGACAGCCCGATGCTG	4	0.571428571428571
617	7	4	1.66449777920046	1	CTTCGACAGCCCGATGCTGC	4	0.571428571428571
618	7	4	1.66449777920046	1	TTCGACAGCCCGATGCTGCC	4	0.571428571428571
619	7	4	1.66449777920046	1	TCGACAGCCCGATGCTGCCG	4	0.571428571428571
620	7	5	2.12808527889139	1	CGACAGCCCGATGCTGCCGG	3	0.428571428571429
621	7	5	2.12808527889139	1	GACAGCCCGATGCTGCCGGA	3	0.428571428571429
622	7	5	2.12808527889139	1	ACAGCCCGATGCTGCCGGAC	3	0.428571428571429
623	7	5	2.12808527889139	1	CAGCCCGATGCTGCCGGACA	3	0.428571428571429
624	7	5	2.12808527889139	1	AGCCCGATGCTGCCGGACAA	3	0.428571428571429
625	7	5	2.12808527889139	1	GCCCGATGCTGCCGGACAAG	3	0.428571428571429
626	7	4	1.84237099317711	1	CCCGATGCTGCCGGACAAGA	3	0.428571428571429
627	7	5	2.23592635062903	1	CCGATGCTGCCGGACAAGAG	2	0.285714285714286
628	7	5	2.23592635062903	1	CGATGCTGCCGGACAAGAGC	2	0.285714285714286
629	7	6	2.52164063634332	1	GATGCTGCCGGACAAGAGCA	2	0.285714285714286
630	7	6	2.52164063634332	1	ATGCTGCCGGACAAGAGCAT	2	0.285714285714286
631	7	6	2.52164063634332	1	TGCTGCCGGACAAGAGCATC	2	0.285714285714286
632	7	6	2.52164063634332	1	GCTGCCGGACAAGAGCATCC	2	0.285714285714286
633	7	6	2.52164063634332	1	CTGCCGGACAAGAGCATCCA	2	0.285714285714286
634	7	6	2.52164063634332	1	TGCCGGACAAGAGCATCCAC	2	0.285714285714286
635	7	6	2.52164063634332	1	GCCGGACAAGAGCATCCACA	2	0.285714285714286
636	7	6	2.52164063634332	1	CCGGACAAGAGCATCCACAC	2	0.285714285714286
637	7	6	2.52164063634332	1	CGGACAAGAGCATCCACACC	2	0.285714285714286
638	7	6	2.52164063634332	1	GGACAAGAGCATCCACACCC	2	0.285714285714286
639	7	6	2.52164063634332	1	GACAAGAGCATCCACACCCA	2	0.285714285714286
640	7	6	2.52164063634332	1	ACAAGAGCATCCACACCCAC	2	0.285714285714286
641	7	6	2.52164063634332	1	CAAGAGCATCCACACCCACG	2	0.285714285714286
642	7	6	2.52164063634332	1	AAGAGCATCCACACCCACGG	2	0.285714285714286
643	7	6	2.52164063634332	1	AGAGCATCCACACCCACGGC	2	0.285714285714286
644	7	6	2.52164063634332	1	GAGCATCCACACCCACGGCC	2	0.285714285714286
645	7	6	2.52164063634332	1	AGCATCCACACCCACGGCCG	2	0.285714285714286
646	7	6	2.52164063634332	1	GCATCCACACCCACGGCCGC	2	0.285714285714286
647	7	6	2.52164063634332	1	CATCCACACCCACGGCCGCA	2	0.285714285714286
648	7	6	2.52164063634332	1	ATCCACACCCACGGCCGCAC	2	0.285714285714286
649	7	6	2.52164063634332	1	TCCACACCCACGGCCGCACC	2	0.285714285714286
650	7	4	1.84237099317711	1	CCACACCCACGGCCGCACCA	3	0.428571428571429
651	7	4	1.84237099317711	1	CACACCCACGGCCGCACCAC	3	0.428571428571429
652	7	4	1.84237099317711	1	ACACCCACGGCCGCACCACC	3	0.428571428571429
653	7	5	2.12808527889139	1	CACCCACGGCCGCACCACCG	3	0.428571428571429
654	7	4	1.66449777920046	1	ACCCACGGCCGCACCACCGT	4	0.571428571428571
655	7	4	1.66449777920046	1	CCCACGGCCGCACCACCGTG	4	0.571428571428571
656	7	4	1.66449777920046	1	CCACGGCCGCACCACCGTGG	4	0.571428571428571
657	7	4	1.66449777920046	1	CACGGCCGCACCACCGTGGA	4	0.571428571428571
658	7	4	1.66449777920046	1	ACGGCCGCACCACCGTGGAG	4	0.571428571428571
659	7	3	1.37878349348618	1	CGGCCGCACCACCGTGGAGG	4	0.571428571428571
660	7	3	1.37878349348618	1	GGCCGCACCACCGTGGAGGA	4	0.571428571428571
661	7	3	1.37878349348618	1	GCCGCACCACCGTGGAGGAC	4	0.571428571428571
662	7	4	1.84237099317711	1	CCGCACCACCGTGGAGGACA	3	0.428571428571429
663	7	4	1.84237099317711	1	CGCACCACCGTGGAGGACAT	3	0.428571428571429
664	7	4	1.84237099317711	1	GCACCACCGTGGAGGACATC	3	0.428571428571429
665	7	4	1.84237099317711	1	CACCACCGTGGAGGACATCG	3	0.428571428571429
666	7	5	2.23592635062903	1	ACCACCGTGGAGGACATCGC	2	0.285714285714286
667	7	5	2.23592635062903	1	CCACCATCGAGGACATCGCC	2	0.285714285714286
668	7	6	2.52164063634332	1	CACCATCGAGGACATCGCCG	2	0.285714285714286
669	7	7	2.8073549220576	1	ACCGTGGAGGACATCGAGGA	1	0.142857142857143
670	7	7	2.8073549220576	1	CCATCGAGGACATCGCCGAC	1	0.142857142857143
671	7	7	2.8073549220576	1	CGTGGAGGACATCGCCCACA	1	0.142857142857143
672	7	7	2.8073549220576	1	GTGGAGGACATCAAGCACGC	1	0.142857142857143
673	7	7	2.8073549220576	1	TGGAGGACATCGCCCACAGC	1	0.142857142857143
674	7	7	2.8073549220576	1	GGAGGACATCAAGCACGCCA	1	0.142857142857143
675	7	6	2.52164063634332	1	GAGGACATCGCCGACAGCGC	2	0.285714285714286
676	7	6	2.52164063634332	1	AGGACATCGCCGACAGCGCC	2	0.285714285714286
677	7	6	2.52164063634332	1	GGACATCGCCGACAGCGCCA	2	0.285714285714286
678	7	6	2.52164063634332	1	GACATCGCCGACAGCGCCAA	2	0.285714285714286
679	7	6	2.52164063634332	1	ACATCGCCGACAGCGCCAAC	2	0.285714285714286
680	7	6	2.52164063634332	1	CATCGCCGACAGCGCCAACG	2	0.285714285714286
681	7	6	2.52164063634332	1	ATCGCCGACAGCGCCAACGC	2	0.285714285714286
682	7	6	2.52164063634332	1	TCGCCGACAGCGCCAACGCC	2	0.285714285714286
683	7	6	2.52164063634332	1	CGCCGACAGCGCCAACGCCC	2	0.285714285714286
684	7	6	2.52164063634332	1	GCCGACAGCGCCAACGCCCT	2	0.285714285714286
685	7	6	2.52164063634332	1	CCGACAGCGCCAACGCCCTG	2	0.285714285714286
686	7	6	2.52164063634332	1	CGACAGCGCCAACGCCCTGG	2	0.285714285714286
687	7	7	2.8073549220576	1	GACAGCGCCAACGCCCTGGC	1	0.142857142857143
688	7	7	2.8073549220576	1	ACAGCCCGAACGCCATGGGC	1	0.142857142857143
689	7	7	2.8073549220576	1	CAGCGCCAACGCCCTGGGCA	1	0.142857142857143
690	7	7	2.8073549220576	1	AGCGCCAACGCCCTGGCCAC	1	0.142857142857143
691	7	7	2.8073549220576	1	GCGCCAACAGCCTGGGCACC	1	0.142857142857143
692	7	7	2.8073549220576	1	CCCGAACGCCATGGGCAGCA	1	0.142857142857143
693	7	7	2.8073549220576	1	CCGAACGCCATGGGCAGCAT	1	0.142857142857143
694	7	7	2.8073549220576	1	CCAACGCCCTGGGCAGCATC	1	0.142857142857143
695	7	7	2.8073549220576	1	GAACGCCGTGGGCAGCATCG	1	0.142857142857143
696	7	7	2.8073549220576	1	AACGCCCTGGGCAGCATCGC	1	0.142857142857143
697	7	7	2.8073549220576	1	ACGCCATCGGCACCATCGCC	1	0.142857142857143
698	7	7	2.8073549220576	1	CGCCATCGGCACCATCGCCC	1	0.142857142857143
699	7	7	2.8073549220576	1	GCCGTGGGCAGCATCGCCCT	1	0.142857142857143
700	7	7	2.8073549220576	1	GCCTGGGCACCATCGCCCTG	1	0.142857142857143
701	7	7	2.8073549220576	1	CATCGGCACCATCGCCCTGT	1	0.142857142857143
702	7	7	2.8073549220576	1	CTGGGCAGCATCGCCCTGAG	1	0.142857142857143
703	7	6	2.52164063634332	1	TGGGCAGCATCGCCCTGGCC	2	0.285714285714286
704	7	6	2.52164063634332	1	GGGCAGCATCGCCCTGGCCC	2	0.285714285714286
705	7	5	2.23592635062903	1	GGCACCATCGCCCTGTGCAA	2	0.285714285714286
706	7	5	2.23592635062903	1	GCAGCATCGCCCTGGCCCGC	2	0.285714285714286
707	7	5	2.23592635062903	1	CAGCATCGCCCTGGCCCGCT	2	0.285714285714286
708	7	5	2.23592635062903	1	AGCATCGCCCTGGCCCGCTA	2	0.285714285714286
709	7	5	2.23592635062903	1	CCATCGCCCTGTGCAAGTAC	2	0.285714285714286
710	7	5	2.23592635062903	1	CATCGCCCTGGCCCGCTACG	2	0.285714285714286
711	7	5	2.23592635062903	1	ATCGCCCTGTGCAAGTACGA	2	0.285714285714286
712	7	5	2.23592635062903	1	TCGCCCTGGCCCGCTACGAG	2	0.285714285714286
713	7	5	2.23592635062903	1	CGCCCTGGCCCGCTACGAGG	2	0.285714285714286
714	7	5	2.23592635062903	1	GCCCTGTGCAAGTACGAGGG	2	0.285714285714286
715	7	5	2.23592635062903	1	CCCTGTGCAAGTACGAGGGC	2	0.285714285714286
716	7	5	2.23592635062903	1	CCTGTGCAAGTACGAGGGCG	2	0.285714285714286
717	7	5	2.23592635062903	1	CTGGCCCGCTACGAGGGCGC	2	0.285714285714286
718	7	5	2.23592635062903	1	TGGCCCGCTACGAGGGCGCC	2	0.285714285714286
719	7	6	2.52164063634332	1	GGCCCGCTACGAGGGCGCCA	2	0.285714285714286
720	7	6	2.52164063634332	1	GCCCGCTACGAGGGCGCCAG	2	0.285714285714286
721	7	6	2.52164063634332	1	CCCGCTACGAGGGCGCCAGC	2	0.285714285714286
722	7	6	2.52164063634332	1	CCGCTACGAGGGCGCCAGCG	2	0.285714285714286
723	7	6	2.52164063634332	1	CGCTACGAGGGCGCCAGCGC	2	0.285714285714286
724	7	6	2.52164063634332	1	GCTACGAGGGCGCCAGCGCC	2	0.285714285714286
725	7	6	2.52164063634332	1	CTACGAGGGCGCCAGCGCCG	2	0.285714285714286
726	7	6	2.52164063634332	1	TACGAGGGCGCCAGCGCCGC	2	0.285714285714286
727	7	6	2.52164063634332	1	ACGAGGGCGCCAGCGCCGCC	2	0.285714285714286
728	7	6	2.52164063634332	1	CGAGGGCGCCAGCGCCGCCG	2	0.285714285714286
729	7	6	2.52164063634332	1	GAGGGCGCCAGCGCCGCCGA	2	0.285714285714286
730	7	6	2.52164063634332	1	AGGGCGCCAGCGCCGCCGAG	2	0.285714285714286
731	7	6	2.52164063634332	1	GGGCGCCAGCGCCGCCGAGT	2	0.285714285714286
732	7	6	2.52164063634332	1	GGCGCCAGCGCCGCCGAGTA	2	0.285714285714286
733	7	6	2.52164063634332	1	GCGCCAGCGCCGCCGAGTAC	2	0.285714285714286
734	7	6	2.52164063634332	1	CGCCAGCGCCGCCGAGTACC	2	0.285714285714286
735	7	6	2.52164063634332	1	GCCAGCGCCGCCGAGTACCT	2	0.285714285714286
736	7	6	2.52164063634332	1	CCAGCGCCGCCGAGTACCTG	2	0.285714285714286
737	7	7	2.8073549220576	1	CAGCGCCGCCGAGTACCTGA	1	0.142857142857143
738	7	7	2.8073549220576	1	AACGCCGCCAAGTTCCTGCA	1	0.142857142857143
739	7	7	2.8073549220576	1	GCGCCGCCGAGTACCTGCGC	1	0.142857142857143
740	7	7	2.8073549220576	1	CGCCGCCGAGTACCTGAAGG	1	0.142857142857143
741	7	7	2.8073549220576	1	GCCGCCAAGTTCCTGCAGGA	1	0.142857142857143
742	7	7	2.8073549220576	1	CCGCCACCTTCCTGAAGGAG	1	0.142857142857143
743	7	7	2.8073549220576	1	CGGCGAGCTGCTGCAGAAGA	1	0.142857142857143
744	7	7	2.8073549220576	1	GCCGAGTACCTGAAGGCCGA	1	0.142857142857143
745	7	7	2.8073549220576	1	CCGAGTACCTGCGCGACGAG	1	0.142857142857143
746	7	7	2.8073549220576	1	CAAGTTCCTGCAGGAGCAGT	1	0.142857142857143
747	7	7	2.8073549220576	1	GAGTACCTGAAGGCCGAGTT	1	0.142857142857143
748	7	7	2.8073549220576	1	AGTACCTGAAGGCCGAGTTC	1	0.142857142857143
749	7	7	2.8073549220576	1	CTTCCTGAAGGAGAAGTTCG	1	0.142857142857143
750	7	7	2.8073549220576	1	TACCTGAAGACCGAGTTCGA	1	0.142857142857143
751	7	7	2.8073549220576	1	TGCTGGAGACCAAGTTCAAG	1	0.142857142857143
752	7	7	2.8073549220576	1	CCTGCAGGAGCAGTTCGACG	1	0.142857142857143
753	7	7	2.8073549220576	1	CTGAAGGAGAAGTTCGACGT	1	0.142857142857143
754	7	7	2.8073549220576	1	TGGAGACCAAGTTCAAGGTG	1	0.142857142857143
755	7	7	2.8073549220576	1	GAAGGAGAAGTTCGACGTGC	1	0.142857142857143
756	7	7	2.8073549220576	1	CAGGAGCAGTTCGACGTGCC	1	0.142857142857143
757	7	7	2.8073549220576	1	AGAAGACCTTCGCCGTGCCG	1	0.142857142857143
758	7	7	2.8073549220576	1	GGCCGAGTTCGACGTGCCGT	1	0.142857142857143
759	7	7	2.8073549220576	1	ACCGAGTTCGAGGTGCCGAG	1	0.142857142857143
760	7	7	2.8073549220576	1	CCAAGTTCAAGGTGCCGGCC	1	0.142857142857143
761	7	7	2.8073549220576	1	GCAGTTCGACGTGCCGGCCA	1	0.142857142857143
762	7	7	2.8073549220576	1	GAGTTCGAGGTGCCGAGCCA	1	0.142857142857143
763	7	7	2.8073549220576	1	AGTTCGACGTGCCGGCCATC	1	0.142857142857143
764	7	7	2.8073549220576	1	GTTCGACGTGCCGAGCATCG	1	0.142857142857143
765	7	7	2.8073549220576	1	TTCGACGTGCCGAGCATCGT	1	0.142857142857143
766	7	7	2.8073549220576	1	TCGAGGTGCCGAGCCACCTG	1	0.142857142857143
767	7	7	2.8073549220576	1	CGACGTGCCGGCCATCGTGG	1	0.142857142857143
768	7	7	2.8073549220576	1	GCCGTGCCGAACGCCCTGGT	1	0.142857142857143
769	7	7	2.8073549220576	1	ACGTGCCGAGCATCGTGACC	1	0.142857142857143
770	7	7	2.8073549220576	1	GGTGCCGAGCCACCTGGTGA	1	0.142857142857143
771	7	7	2.8073549220576	1	GTGCCGGCCGTGATCGAGGA	1	0.142857142857143
772	7	7	2.8073549220576	1	TGCCGAGCCACCTGGTGAGC	1	0.142857142857143
773	7	7	2.8073549220576	1	GCCGGCCATCGTGAGCCCGA	1	0.142857142857143
774	7	7	2.8073549220576	1	CCGGCCGTGATCGAGGACAT	1	0.142857142857143
775	7	7	2.8073549220576	1	CGTGCATCGTGGCCAGCACC	1	0.142857142857143
776	7	7	2.8073549220576	1	GGCCATCGTGGGCCCGACCC	1	0.142857142857143
777	7	7	2.8073549220576	1	TGCATCGTGGCCAGCACCCC	1	0.142857142857143
778	7	7	2.8073549220576	1	ACGCCCTGGTGAACACCCCG	1	0.142857142857143
779	7	7	2.8073549220576	1	CATCGTGAGCCCGACCCCGT	1	0.142857142857143
780	7	7	2.8073549220576	1	ATCGTGACCCCGACCCCGAT	1	0.142857142857143
781	7	7	2.8073549220576	1	TGATCGAGGACATCCCGGTG	1	0.142857142857143
782	7	7	2.8073549220576	1	GATCGAGGACATCCCGGTGG	1	0.142857142857143
783	7	7	2.8073549220576	1	GTGGGCCCGACCCCGATCGG	1	0.142857142857143
784	7	7	2.8073549220576	1	TGGGCCCGACCCCGATCGGC	1	0.142857142857143
785	7	7	2.8073549220576	1	CGAGGACATCCCGGTGGGCA	1	0.142857142857143
786	7	7	2.8073549220576	1	GTGAGCACCCCGTACGGCAT	1	0.142857142857143
787	7	7	2.8073549220576	1	TGAACACCCCGTACGGCATC	1	0.142857142857143
788	7	6	2.52164063634332	1	CCCGACCCCGATCGGCATCA	2	0.285714285714286
789	7	6	2.52164063634332	1	CCGACCCCGATCGGCATCAA	2	0.285714285714286
790	7	7	2.8073549220576	1	ACATCCCGGTGGGCATCAAG	1	0.142857142857143
791	7	7	2.8073549220576	1	CACCCCGTACGGCATCGCCA	1	0.142857142857143
792	7	6	2.52164063634332	1	ACCCCGTACGGCATCAAGAA	2	0.285714285714286
793	7	6	2.52164063634332	1	CCCCGTACGGCATCAAGAAC	2	0.285714285714286
794	7	6	2.52164063634332	1	CCCGTACGGCATCAAGAACA	2	0.285714285714286
795	7	6	2.52164063634332	1	CCGTACGGCATCAAGAACAC	2	0.285714285714286
796	7	6	2.52164063634332	1	CGTACGGCATCAAGAACACC	2	0.285714285714286
797	7	6	2.52164063634332	1	GTACGGCATCAAGAACACCG	2	0.285714285714286
798	7	6	2.52164063634332	1	TACGGCATCAAGAACACCGA	2	0.285714285714286
799	7	6	2.52164063634332	1	ACGGCATCAAGAACACCGAC	2	0.285714285714286
800	7	5	2.12808527889139	1	CGGCATCAAGAACACCGACG	3	0.428571428571429
801	7	6	2.52164063634332	1	GGCATCAAGAACACCGACGA	2	0.285714285714286
802	7	6	2.52164063634332	1	GCATCAAGAACACCGACGAC	2	0.285714285714286
803	7	6	2.52164063634332	1	CATCAAGAACACCGACGACA	2	0.285714285714286
804	7	6	2.52164063634332	1	ATCAAGAACACCGACGACAT	2	0.285714285714286
805	7	6	2.52164063634332	1	TCAAGAACACCGACGACATG	2	0.285714285714286
806	7	6	2.52164063634332	1	CAAGAACACCGACGACATGC	2	0.285714285714286
807	7	6	2.52164063634332	1	AAGAACACCGACGACATGCT	2	0.285714285714286
808	7	6	2.52164063634332	1	AGAACACCGACGACATGCTG	2	0.285714285714286
809	7	7	2.8073549220576	1	GAACACCGACGACATGCTGG	1	0.142857142857143
810	7	7	2.8073549220576	1	AACACCGACATCTTCCTGAA	1	0.142857142857143
811	7	7	2.8073549220576	1	ACACCGACAAGTTCCTGAAG	1	0.142857142857143
812	7	7	2.8073549220576	1	CACCGACGACATGCTGGAGG	1	0.142857142857143
813	7	7	2.8073549220576	1	ACCGACGACATGCTGGAGGC	1	0.142857142857143
814	7	7	2.8073549220576	1	CCGACGACATGCTGGAGGCC	1	0.142857142857143
815	7	7	2.8073549220576	1	CGACGCCATGCTGAAGCGCA	1	0.142857142857143
816	7	7	2.8073549220576	1	GACGCCATGCTGCGCCACAT	1	0.142857142857143
817	7	7	2.8073549220576	1	ACGCCTGGCTGCAGAACATC	1	0.142857142857143
818	7	7	2.8073549220576	1	CAAGTTCCTGAAGAACATCA	1	0.142857142857143
819	7	7	2.8073549220576	1	GACATGCTGGAGGCCATCAG	1	0.142857142857143
820	7	7	2.8073549220576	1	CCTGGCTGCAGAACATCAAG	1	0.142857142857143
821	7	7	2.8073549220576	1	CATGCTGCGCAAGATCGCCG	1	0.142857142857143
822	7	7	2.8073549220576	1	ATGCTGGAGGCCATCAGCCG	1	0.142857142857143
823	7	7	2.8073549220576	1	TCCTGAAGAACATCAGCGAG	1	0.142857142857143
824	7	7	2.8073549220576	1	GCTGCGCAAGATCGCCGAGG	1	0.142857142857143
825	7	7	2.8073549220576	1	CTGAAGAACATCAGCAAGCT	1	0.142857142857143
826	7	7	2.8073549220576	1	TGCAGAACATCAAGAAGCTG	1	0.142857142857143
827	7	7	2.8073549220576	1	GAAGCGCATCAGCGAGATCA	1	0.142857142857143
828	7	7	2.8073549220576	1	CGCAAGATCGCCGAGGTGAC	1	0.142857142857143
829	7	7	2.8073549220576	1	GCAAGATCGCCGAGGTGACC	1	0.142857142857143
830	7	7	2.8073549220576	1	GAACATCAGCGAGCTGACCG	1	0.142857142857143
831	7	7	2.8073549220576	1	AACATCAAGAAGCTGACCGG	1	0.142857142857143
832	7	6	2.52164063634332	1	ACATCAGCGAGCTGACCGGC	2	0.285714285714286
833	7	6	2.52164063634332	1	CATCAGCGAGCTGACCGGCA	2	0.285714285714286
834	7	6	2.52164063634332	1	ATCAGCGAGCTGACCGGCAA	2	0.285714285714286
835	7	6	2.52164063634332	1	TCAGCGAGCTGACCGGCAAG	2	0.285714285714286
836	7	6	2.52164063634332	1	CAGCGAGCTGACCGGCAAGC	2	0.285714285714286
837	7	6	2.52164063634332	1	AGCGAGCTGACCGGCAAGCC	2	0.285714285714286
838	7	6	2.52164063634332	1	GCGAGCTGACCGGCAAGCCG	2	0.285714285714286
839	7	6	2.52164063634332	1	CGAGCTGACCGGCAAGCCGA	2	0.285714285714286
840	7	5	2.23592635062903	1	AAGCTGACCGGCAAGCCGAT	2	0.285714285714286
841	7	4	1.66449777920046	1	AGCTGACCGGCAAGCCGATC	4	0.571428571428571
842	7	4	1.66449777920046	1	GCTGACCGGCAAGCCGATCC	4	0.571428571428571
843	7	4	1.66449777920046	1	CTGACCGGCAAGCCGATCCC	4	0.571428571428571
844	7	3	1.37878349348618	1	TGACCGGCAAGCCGATCCCG	4	0.571428571428571
845	7	4	1.84237099317711	1	GACCGGCAAGCCGATCCCGG	3	0.428571428571429
846	7	3	1.37878349348618	1	ACCGGCAAGCCGATCCCGGA	4	0.571428571428571
847	7	5	2.12808527889139	1	CCGGCAAGCCGATCCCGGAG	3	0.428571428571429
848	7	5	2.12808527889139	1	CGGCAAGCCGATCCCGGAGA	3	0.428571428571429
849	7	5	2.12808527889139	1	GGCAAGCCGATCCCGGAGAG	3	0.428571428571429
850	7	5	2.12808527889139	1	GCAAGCCGATCCCGGAGAGC	3	0.428571428571429
851	7	5	2.12808527889139	1	CAAGCCGATCCCGGAGAGCC	3	0.428571428571429
852	7	5	2.12808527889139	1	AAGCCGATCCCGGAGAGCCT	3	0.428571428571429
853	7	5	2.12808527889139	1	AGCCGATCCCGGAGAGCCTG	3	0.428571428571429
854	7	5	2.12808527889139	1	GCCGATCCCGGAGAGCCTGG	3	0.428571428571429
855	7	5	2.12808527889139	1	CCGATCCCGGAGAGCCTGGT	3	0.428571428571429
856	7	5	2.12808527889139	1	CGATCCCGGAGAGCCTGGTG	3	0.428571428571429
857	7	6	2.52164063634332	1	GATCCCGGAGAGCCTGGTGA	2	0.285714285714286
858	7	7	2.8073549220576	1	ATCCCGGAGAGCCTGGTGCG	1	0.142857142857143
859	7	7	2.8073549220576	1	TCCCGCAGAGCCTGGTGGAG	1	0.142857142857143
860	7	7	2.8073549220576	1	CCCGGAGAGCCTGGTGAAGG	1	0.142857142857143
861	7	7	2.8073549220576	1	CCGGAGAGCCTGGTGATCGA	1	0.142857142857143
862	7	7	2.8073549220576	1	CGGACAGCCTGGTGAAGGAG	1	0.142857142857143
863	7	7	2.8073549220576	1	GGAGAGCCTGGTGATCGAGC	1	0.142857142857143
864	7	7	2.8073549220576	1	GAGAGCCTGGTGAAGGAGCG	1	0.142857142857143
865	7	7	2.8073549220576	1	AGAGCCTGGTGAAGGAGCGC	1	0.142857142857143
866	7	7	2.8073549220576	1	GAGCCTGGTGATCGAGCGCG	1	0.142857142857143
867	7	5	2.23592635062903	1	AGCCTGGTGCGCGAGCGCGG	2	0.285714285714286
868	7	5	2.23592635062903	1	GCCTGGTGCGCGAGCGCGGC	2	0.285714285714286
869	7	5	2.23592635062903	1	CCTGGTGAAGGAGCGCGGCA	2	0.285714285714286
870	7	5	2.23592635062903	1	CTGGTGAAGGAGCGCGGCAT	2	0.285714285714286
871	7	5	2.23592635062903	1	TGGTGAAGGAGCGCGGCATC	2	0.285714285714286
872	7	5	2.23592635062903	1	GGTGCGCGAGCGCGGCATCG	2	0.285714285714286
873	7	5	2.23592635062903	1	GTGCGCGAGCGCGGCATCGC	2	0.285714285714286
874	7	5	2.23592635062903	1	TGAAGGAGCGCGGCATCGCC	2	0.285714285714286
875	7	5	2.23592635062903	1	GCGCGAGCGCGGCATCGCCC	2	0.285714285714286
876	7	5	2.23592635062903	1	AAGGAGCGCGGCATCGCCCT	2	0.285714285714286
877	7	5	2.23592635062903	1	GCGAGCGCGGCATCGCCCTG	2	0.285714285714286
878	7	5	2.23592635062903	1	GGAGCGCGGCATCGCCCTGG	2	0.285714285714286
879	7	3	1.37878349348618	1	GAGCGCGGCATCGCCCTGGA	4	0.571428571428571
880	7	3	1.37878349348618	1	AGCGCGGCATCGCCCTGGAC	4	0.571428571428571
881	7	3	1.37878349348618	1	GCGCGGCATCGCCCTGGACG	4	0.571428571428571
882	7	3	1.37878349348618	1	CGCGGCATCGCCCTGGACGC	4	0.571428571428571
883	7	3	1.37878349348618	1	GCGGCATCGCCCTGGACGCC	4	0.571428571428571
884	7	4	1.66449777920046	1	CGGCATCGCCCTGGACGCCC	4	0.571428571428571
885	7	4	1.66449777920046	1	GGCATCGCCCTGGACGCCCT	4	0.571428571428571
886	7	4	1.66449777920046	1	GCATCGCCCTGGACGCCCTG	4	0.571428571428571
887	7	5	2.12808527889139	1	CATCGCCCTGGACGCCCTGC	3	0.428571428571429
888	7	5	2.12808527889139	1	ATCGCCCTGGACGCCCTGCA	3	0.428571428571429
889	7	5	2.12808527889139	1	TCGCCCTGGACGCCCTGCAG	3	0.428571428571429
890	7	5	2.12808527889139	1	CGCCCTGGACGCCCTGCAGG	3	0.428571428571429
891	7	5	2.12808527889139	1	GCCCTGGACGCCCTGCAGGA	3	0.428571428571429
892	7	5	2.12808527889139	1	CCCTGGACGCCCTGCAGGAC	3	0.428571428571429
893	7	5	2.12808527889139	1	CCTGGACGCCCTGCAGGACC	3	0.428571428571429
894	7	5	2.12808527889139	1	CTGGACGCCCTGCAGGACCT	3	0.428571428571429
895	7	5	2.12808527889139	1	TGGACGCCCTGCAGGACCTG	3	0.428571428571429
896	7	6	2.52164063634332	1	GGACGCCCTGCAGGACCTGG	2	0.285714285714286
897	7	6	2.52164063634332	1	GACGCCCTGCAGGACCTGGC	2	0.285714285714286
898	7	6	2.52164063634332	1	ACGCCCTGCAGGACCTGGCC	2	0.285714285714286
899	7	6	2.52164063634332	1	CGCCCTGCAGGACCTGGCCC	2	0.285714285714286
900	7	6	2.52164063634332	1	GCCCTGCAGGACCTGGCCCA	2	0.285714285714286
901	7	6	2.52164063634332	1	CCCTGCAGGACCTGGCCCAC	2	0.285714285714286
902	7	5	2.23592635062903	1	CCTGGCCGACCTGGCCCACA	2	0.285714285714286
903	7	5	2.23592635062903	1	CTGGCCGACCTGGCCCACAT	2	0.285714285714286
904	7	5	2.23592635062903	1	TGCAGGACCTGGCCCACATG	2	0.285714285714286
905	7	5	2.23592635062903	1	GGCCGACCTGGCCCACATGT	2	0.285714285714286
906	7	6	2.52164063634332	1	CAGGACCTGGCCCACATGTT	2	0.285714285714286
907	7	6	2.52164063634332	1	AGGACCTGGCCCACATGTTC	2	0.285714285714286
908	7	5	2.12808527889139	1	GGACCTGGCCCACATGTTCT	3	0.428571428571429
909	7	4	1.66449777920046	1	GACCTGGCCCACATGTTCTT	4	0.571428571428571
910	7	3	1.14883485428092	1	ACCTGGCCCACATGTTCTTC	5	0.714285714285714
911	7	3	1.14883485428092	1	CCTGGCCCACATGTTCTTCG	5	0.714285714285714
912	7	3	1.14883485428092	1	CTGGCCCACATGTTCTTCGC	5	0.714285714285714
913	7	3	1.14883485428092	1	TGGCCCACATGTTCTTCGCC	5	0.714285714285714
914	7	4	1.84237099317711	1	GGCCCACATGTTCTTCGCCA	3	0.428571428571429
915	7	4	1.84237099317711	1	GCCCACATGTTCTTCGCCAA	3	0.428571428571429
916	7	3	1.44881563572518	1	CCCACATGTTCTTCGCCGAC	3	0.428571428571429
917	7	3	1.44881563572518	1	CCACATGTTCTTCGCCGACA	3	0.428571428571429
918	7	3	1.44881563572518	1	CACATGTTCTTCGCCAACAA	3	0.428571428571429
919	7	3	1.44881563572518	1	ACATGTTCTTCGCCGACAAG	3	0.428571428571429
920	7	3	1.44881563572518	1	CATGTTCTTCGCCGACAAGA	3	0.428571428571429
921	7	3	1.44881563572518	1	ATGTTCTTCGCCAACAAGAA	3	0.428571428571429
922	7	3	1.44881563572518	1	TGTTCTTCGCCAACAAGAAG	3	0.428571428571429
923	7	3	1.44881563572518	1	GTTCTTCGCCGACAAGAAGG	3	0.428571428571429
924	7	3	1.44881563572518	1	TTCTTCGCCGACAAGAAGGT	3	0.428571428571429
925	7	3	1.44881563572518	1	TCTTCGCCAACAAGAAGGTG	3	0.428571428571429
926	7	3	1.44881563572518	1	CTTCGCCAACAAGAAGGTGG	3	0.428571428571429
927	7	3	1.44881563572518	1	TTCGCCAACAAGAAGGTGGC	3	0.428571428571429
928	7	3	1.44881563572518	1	TCGCCAACAAGAAGGTGGCC	3	0.428571428571429
929	7	4	1.84237099317711	1	CGCCAACAAGAAGGTGGCCA	3	0.428571428571429
930	7	4	1.84237099317711	1	GCCAACAAGAAGGTGGCCAT	3	0.428571428571429
931	7	4	1.84237099317711	1	CCAACAAGAAGGTGGCCATC	3	0.428571428571429
932	7	4	1.84237099317711	1	CAACAAGAAGGTGGCCATCT	3	0.428571428571429
933	7	5	2.23592635062903	1	GACAAGAAGGTGGCCCTGTT	2	0.285714285714286
934	7	4	1.84237099317711	1	ACAAGAAGGTGGCCATCTTC	3	0.428571428571429
935	7	4	1.84237099317711	1	CAAGAAGGTGGCCATCTTCG	3	0.428571428571429
936	7	4	1.84237099317711	1	AAGAAGGTGGCCATCTTCGG	3	0.428571428571429
937	7	4	1.84237099317711	1	AGAAGGTGGCCATCTTCGGC	3	0.428571428571429
938	7	5	2.23592635062903	1	GAAGGTGGCCCTGTTCGGCC	2	0.285714285714286
939	7	5	2.23592635062903	1	AAGGTGGCCATCTTCGGCCA	2	0.285714285714286
940	7	5	2.23592635062903	1	AGGTGGCCATCTTCGGCCAC	2	0.285714285714286
941	7	5	2.23592635062903	1	GGTGGCCATCTTCGGCCACC	2	0.285714285714286
942	7	4	1.95021206491475	1	GTGGCCATCTTCGGCCACCC	2	0.285714285714286
943	7	4	1.95021206491475	1	TGGCCATCTACGGCGACCCG	2	0.285714285714286
944	7	4	1.95021206491475	1	GGCCATCTACGGCGACCCGG	2	0.285714285714286
945	7	4	1.95021206491475	1	GCCATCTTCGGCCACCCGGA	2	0.285714285714286
946	7	4	1.95021206491475	1	CCATCTACGGCGACCCGGAC	2	0.285714285714286
947	7	4	1.95021206491475	1	CATCTACGGCGACCCGGACC	2	0.285714285714286
948	7	4	1.95021206491475	1	ATCTTCGGCCACCCGGACCT	2	0.285714285714286
949	7	4	1.95021206491475	1	TGTTCGGCCACCCGGACCTG	2	0.285714285714286
950	7	4	1.95021206491475	1	CTTCGGCCACCCGGACCTGG	2	0.285714285714286
951	7	3	1.37878349348618	1	TTCGGCCACCCGGACCTGGT	4	0.571428571428571
952	7	3	1.37878349348618	1	TCGGCCACCCGGACCTGGTG	4	0.571428571428571
953	7	4	1.84237099317711	1	CGGCCACCCGGACCTGGTGA	3	0.428571428571429
954	7	4	1.84237099317711	1	GGCCACCCGGACCTGGTGAT	3	0.428571428571429
955	7	4	1.84237099317711	1	GCCACCCGGACCTGGTGATC	3	0.428571428571429
956	7	4	1.84237099317711	1	CCACCCGGACCTGGTGATCG	3	0.428571428571429
957	7	4	1.84237099317711	1	CACCCGGACCTGGTGATCGG	3	0.428571428571429
958	7	3	1.14883485428092	1	ACCCGGACCTGGTGATCGGC	5	0.714285714285714
959	7	3	1.14883485428092	1	CCCGGACCTGGTGATCGGCC	5	0.714285714285714
960	7	3	1.14883485428092	1	CCGGACCTGGTGATCGGCCT	5	0.714285714285714
961	7	3	1.14883485428092	1	CGGACCTGGTGATCGGCCTG	5	0.714285714285714
962	7	3	1.14883485428092	1	GGACCTGGTGATCGGCCTGG	5	0.714285714285714
963	7	3	1.14883485428092	1	GACCTGGTGATCGGCCTGGC	5	0.714285714285714
964	7	3	1.14883485428092	1	ACCTGGTGATCGGCCTGGCC	5	0.714285714285714
965	7	4	1.84237099317711	1	CCTGGTGATCGGCCTGGCCC	3	0.428571428571429
966	7	4	1.84237099317711	1	CTGGTGATCGGCCTGGCCCA	3	0.428571428571429
967	7	4	1.84237099317711	1	TGGTGATCGGCCTGGCCCAG	3	0.428571428571429
968	7	4	1.84237099317711	1	GGTGATCGGCCTGGCCCAGT	3	0.428571428571429
969	7	4	1.84237099317711	1	GTGATCGGCCTGGCCCAGTT	3	0.428571428571429
970	7	4	1.84237099317711	1	TGATCGGCCTGGCCCAGTTC	3	0.428571428571429
971	7	4	1.84237099317711	1	GATCGGCCTGGCCCAGTTCT	3	0.428571428571429
972	7	4	1.84237099317711	1	ATCGGCCTGGCCCAGTTCTG	3	0.428571428571429
973	7	3	1.37878349348618	1	TCGGCCTGGCCCAGTTCTGC	4	0.571428571428571
974	7	4	1.84237099317711	1	CGGCCTGGCCCAGTTCTGCC	3	0.428571428571429
975	7	4	1.95021206491475	1	GGCCTGGCCCAGTTCTGCCT	2	0.285714285714286
976	7	4	1.95021206491475	1	GCCTGGCCCAGTTCTGCATG	2	0.285714285714286
977	7	4	1.95021206491475	1	CCTGGCCCAGTTCTGCCTGG	2	0.285714285714286
978	7	4	1.95021206491475	1	CTGGCCCAGTTCTGCCTGGA	2	0.285714285714286
979	7	4	1.95021206491475	1	TGGCCGAGTTCTGCCTGGAG	2	0.285714285714286
980	7	4	1.95021206491475	1	GGCCCAGTTCTGCCTGGAGT	2	0.285714285714286
981	7	4	1.95021206491475	1	GCCCAGTTCTGCCTGGAGTG	2	0.285714285714286
982	7	4	1.95021206491475	1	CCCAGTTCTGCATGGAGGTG	2	0.285714285714286
983	7	4	1.95021206491475	1	CGAGTTCTGCCTGGAGGTGG	2	0.285714285714286
984	7	4	1.95021206491475	1	CAGTTCTGCCTGGAGTGCGA	2	0.285714285714286
985	7	4	1.95021206491475	1	AGTTCTGCATGGAGGTGGAG	2	0.285714285714286
986	7	5	2.23592635062903	1	GTTCTGCCTGGAGTGCGAGC	2	0.285714285714286
987	7	5	2.23592635062903	1	TTCTGCATGGAGGTGGAGCT	2	0.285714285714286
988	7	5	2.23592635062903	1	TCTGCCTGGAGTGCGAGCTG	2	0.285714285714286
989	7	6	2.52164063634332	1	CTGCCTGGAGTGCGAGCTGG	2	0.285714285714286
990	7	6	2.52164063634332	1	TGCCTGGAGTGCGAGCTGGA	2	0.285714285714286
991	7	6	2.52164063634332	1	GCCTGGAGTGCGAGCTGGAG	2	0.285714285714286
992	7	6	2.52164063634332	1	CCTGGAGTGCGAGCTGGAGC	2	0.285714285714286
993	7	6	2.52164063634332	1	CTGGAGTGCGAGCTGGAGCC	2	0.285714285714286
994	7	5	2.23592635062903	1	TGGAGTGCGAGCTGGAGCCG	2	0.285714285714286
995	7	5	2.23592635062903	1	GGAGGTGGAGCTGGAGCCGG	2	0.285714285714286
996	7	5	2.23592635062903	1	GAGGTGGAGCTGGAGCCGGT	2	0.285714285714286
997	7	5	2.23592635062903	1	AGGTGGAGCTGGAGCCGGTG	2	0.285714285714286
998	7	5	2.23592635062903	1	GTGCGAGCTGGAGCCGGTGC	2	0.285714285714286
999	7	5	2.23592635062903	1	GTGGAGCTGGAGCCGGTGCT	2	0.285714285714286
1000	7	5	2.23592635062903	1	TGGAGCTGGAGCCGGTGCTG	2	0.285714285714286
1001	7	5	2.23592635062903	1	GGAGCTGGAGCCGGTGCTGC	2	0.285714285714286
1002	7	4	1.66449777920046	1	GAGCTGGAGCCGGTGCTGCT	4	0.571428571428571
1003	7	3	1.37878349348618	1	AGCTGGAGCCGGTGCTGCTG	4	0.571428571428571
1004	7	3	1.37878349348618	1	GCTGGAGCCGGTGCTGCTGC	4	0.571428571428571
1005	7	3	1.37878349348618	1	CTGGAGCCGGTGCTGCTGCT	4	0.571428571428571
1006	7	3	1.37878349348618	1	TGGAGCCGGTGCTGCTGCTG	4	0.571428571428571
1007	7	4	1.84237099317711	1	GGAGCCGGTGCTGCTGCTGC	3	0.428571428571429
1008	7	4	1.84237099317711	1	GAGCCGGTGCTGCTGCTGCT	3	0.428571428571429
1009	7	3	1.14883485428092	1	AGCCGGTGCTGCTGCTGCTG	5	0.714285714285714
1010	7	3	1.14883485428092	1	GCCGGTGCTGCTGCTGCTGG	5	0.714285714285714
1011	7	3	1.14883485428092	1	CCGGTGCTGCTGCTGCTGGG	5	0.714285714285714
1012	7	3	1.14883485428092	1	CGGTGCTGCTGCTGCTGGGC	5	0.714285714285714
1013	7	3	1.14883485428092	1	GGTGCTGCTGCTGCTGGGCG	5	0.714285714285714
1014	7	3	1.14883485428092	1	GTGCTGCTGCTGCTGGGCGA	5	0.714285714285714
1015	7	3	1.14883485428092	1	TGCTGCTGCTGCTGGGCGAC	5	0.714285714285714
1016	7	3	1.14883485428092	1	GCTGCTGCTGCTGGGCGACG	5	0.714285714285714
1017	7	3	1.14883485428092	1	CTGCTGCTGCTGGGCGACGA	5	0.714285714285714
1018	7	3	1.14883485428092	1	TGCTGCTGCTGGGCGACGAC	5	0.714285714285714
1019	7	2	1.14883485428092	1	GCTGCTGCTGGGCGACGACA	5	0.714285714285714
1020	7	2	1.14883485428092	1	CTGCTGCTGGGCGACGACAA	5	0.714285714285714
1021	7	1	0.591672778582327	1	TGCTGCTGGGCGACGACAAC	6	0.857142857142857
1022	7	2	1.37878349348618	1	GCTGCTGGGCGACGACAACA	4	0.571428571428571
1023	7	4	2.23592635062903	1	CTGCTGGGCGACGACAACAG	2	0.285714285714286
1024	7	5	2.52164063634332	1	TGCTGGGCGACGACAACAGC	2	0.285714285714286
1025	7	6	2.8073549220576	1	GCTGGGCGACGACAACCCGC	1	0.142857142857143
1026	7	6	2.8073549220576	1	CTGGGCGACGACAACAACAA	1	0.142857142857143
1027	7	6	2.8073549220576	1	TGGGCGACGACAACAAGGCC	1	0.142857142857143
1028	7	6	2.8073549220576	1	GGGCGACGACAACCCGCGCT	1	0.142857142857143
1029	7	6	2.8073549220576	1	GGCGACGACAACCAGGCCGC	1	0.142857142857143
1030	7	6	2.8073549220576	1	GCGACGACAACAGCAGCTAC	1	0.142857142857143
1031	7	6	2.8073549220576	1	CGACGACAACAGCAGCTACA	1	0.142857142857143
1032	7	6	2.8073549220576	1	GACGACAACCAGGCCGCCAG	1	0.142857142857143
1033	7	6	2.8073549220576	1	ACGACAACAGCCGCTACAAG	1	0.142857142857143
1034	7	6	2.8073549220576	1	CGACAACCCGCGCTACAAGA	1	0.142857142857143
1035	7	6	2.8073549220576	1	GACAACCCGCGCTACAAGAA	1	0.142857142857143
1036	7	6	2.8073549220576	1	ACAACAAGGCCTACCAGAAG	1	0.142857142857143
1037	7	6	2.8073549220576	1	CAACAACAAGTACAAGAAGG	1	0.142857142857143
1038	7	7	2.8073549220576	1	AACAACAAGTACAAGAAGGA	1	0.142857142857143
1039	7	7	2.8073549220576	1	ACAAGGCCTACCAGAAGGAC	1	0.142857142857143
1040	7	6	2.52164063634332	1	CAACAAGTACAAGAAGGACC	2	0.285714285714286
1041	7	6	2.52164063634332	1	AACAAGTACAAGAAGGACCC	2	0.285714285714286
1042	7	6	2.52164063634332	1	ACAAGTACAAGAAGGACCCG	2	0.285714285714286
1043	7	6	2.52164063634332	1	CAAGTACAAGAAGGACCCGC	2	0.285714285714286
1044	7	5	2.23592635062903	1	CGCTACAAGAAGGACCCGCG	2	0.285714285714286
1045	7	4	1.84237099317711	1	GCTACAAGAAGGACCCGCGC	3	0.428571428571429
1046	7	5	2.23592635062903	1	GTACAAGAAGGACCCGCGCA	2	0.285714285714286
1047	7	4	1.66449777920046	1	TACAAGAAGGACCCGCGCAT	4	0.571428571428571
1048	7	4	1.66449777920046	1	ACAAGAAGGACCCGCGCATC	4	0.571428571428571
1049	7	5	2.12808527889139	1	CAAGAAGGACCCGCGCATCC	3	0.428571428571429
1050	7	5	2.12808527889139	1	AAGAAGGACCCGCGCATCCT	3	0.428571428571429
1051	7	5	2.12808527889139	1	AGAAGGACCCGCGCATCCTG	3	0.428571428571429
1052	7	5	2.12808527889139	1	GAAGGACCCGCGCATCCTGG	3	0.428571428571429
1053	7	6	2.52164063634332	1	AAGGACCCGCGCATCCTGGA	2	0.285714285714286
1054	7	6	2.52164063634332	1	AGGACCCGCGCATCCTGGAG	2	0.285714285714286
1055	7	6	2.52164063634332	1	GGACCCGCGCATCCTGGAGC	2	0.285714285714286
1056	7	6	2.52164063634332	1	GACCCGCGCATCCTGGAGCT	2	0.285714285714286
1057	7	6	2.52164063634332	1	ACCCGCGCATCCTGGAGCTG	2	0.285714285714286
1058	7	7	2.8073549220576	1	CCAGCGCCTGACCCAGATCG	1	0.142857142857143
1059	7	7	2.8073549220576	1	CCGCGCATCCTGGAGCTGCA	1	0.142857142857143
1060	7	7	2.8073549220576	1	AGCGCCTGACCCAGATCGAG	1	0.142857142857143
1061	7	7	2.8073549220576	1	GCGCCTGACCCAGATCGAGG	1	0.142857142857143
1062	7	7	2.8073549220576	1	CGCATCCTGGCCCTGAAGAA	1	0.142857142857143
1063	7	7	2.8073549220576	1	GCCTGAAGGAGCTGGAGGAG	1	0.142857142857143
1064	7	7	2.8073549220576	1	CCTGAAGGAGCTGGAGGAGA	1	0.142857142857143
1065	7	7	2.8073549220576	1	ATCCTGGAGCTGCAGAAGAC	1	0.142857142857143
1066	7	7	2.8073549220576	1	TCGAGGAGCTGAAGAACACC	1	0.142857142857143
1067	7	7	2.8073549220576	1	CGAGGAGCTGAAGAACACCG	1	0.142857142857143
1068	7	7	2.8073549220576	1	CTGGAGCTGAAGAACAGCGT	1	0.142857142857143
1069	7	7	2.8073549220576	1	TGGAGCTGAAGAACAGCGTG	1	0.142857142857143
1070	7	7	2.8073549220576	1	CGAGCTGGCCAAGCGCGCCA	1	0.142857142857143
1071	7	7	2.8073549220576	1	CAGATCGAGGAGAACGCCAA	1	0.142857142857143
1072	7	7	2.8073549220576	1	AGATCGAGGAGAACGCCAAC	1	0.142857142857143
1073	7	6	2.8073549220576	1	GCTGCAGAAGACCGTGGACT	1	0.142857142857143
1074	7	6	2.8073549220576	1	CTGAAGAACAGCGTGGACCA	1	0.142857142857143
1075	7	6	2.8073549220576	1	TCGAGGAGAACGCCAACTGC	1	0.142857142857143
1076	7	6	2.8073549220576	1	GCAGAAGACCGTGGACTGGG	1	0.142857142857143
1077	7	6	2.8073549220576	1	AAGAACAGCGTGGACCACGA	1	0.142857142857143
1078	7	6	2.8073549220576	1	AGAAGACCGTGGACTGGGAC	1	0.142857142857143
1079	7	6	2.8073549220576	1	GGAGAACGCCAACTGCGACA	1	0.142857142857143
1080	7	6	2.8073549220576	1	GAGAACGCCAACTGCGACAT	1	0.142857142857143
1081	7	6	2.8073549220576	1	AGAAGACCAACTGCGACATG	1	0.142857142857143
1082	7	6	2.8073549220576	1	CAAGTGCAACTGGGACATGG	1	0.142857142857143
1083	7	6	2.8073549220576	1	AAGACCAACTGCGACATGCA	1	0.142857142857143
1084	7	6	2.8073549220576	1	CCGTGGACTGGGACATGGAG	1	0.142857142857143
1085	7	6	2.8073549220576	1	CGCCAACTGCGACATCGAGG	1	0.142857142857143
1086	7	6	2.8073549220576	1	ACCAACTGCGACATGCAGAT	1	0.142857142857143
1087	7	6	2.8073549220576	1	TGGACTGGGACATGGAGATC	1	0.142857142857143
1088	7	6	2.8073549220576	1	CAACTGCGACATGCAGATCA	1	0.142857142857143
1089	7	6	2.8073549220576	1	AACTGGGACATGGAGGTGGT	1	0.142857142857143
1090	7	6	2.8073549220576	1	ACTGCGACATCGAGGTGATC	1	0.142857142857143
1091	7	6	2.8073549220576	1	CTGCGACATGCAGATCATCT	1	0.142857142857143
1092	7	7	2.8073549220576	1	CACGACATGCAGGTGGTGTG	1	0.142857142857143
1093	7	7	2.8073549220576	1	ACGACATCGACGTGATCTGG	1	0.142857142857143
1094	7	7	2.8073549220576	1	CGACATGCAGATCATCTGGA	1	0.142857142857143
1095	7	7	2.8073549220576	1	GACATCGAGATCGTGCACAA	1	0.142857142857143
1096	7	7	2.8073549220576	1	ACATCGAGATCGTGCACAAC	1	0.142857142857143
1097	7	7	2.8073549220576	1	CATCGACGTGATCTGGAACG	1	0.142857142857143
1098	7	7	2.8073549220576	1	ATGGAGATCGTGCGCAACGC	1	0.142857142857143
1099	7	7	2.8073549220576	1	TCGAGGTGATCTGGAACAGC	1	0.142857142857143
1100	7	7	2.8073549220576	1	GGAGGTGGTGTGCAACGCCG	1	0.142857142857143
1101	7	7	2.8073549220576	1	CAGATCATCTGGAACGCCGA	1	0.142857142857143
1102	7	6	2.52164063634332	1	AGGTGGTGTGCAACGCCGAC	2	0.285714285714286
1103	7	6	2.52164063634332	1	GGTGGTGTGCAACGCCGACC	2	0.285714285714286
1104	7	6	2.52164063634332	1	GTGGTGTGCAACGCCGACCT	2	0.285714285714286
1105	7	6	2.52164063634332	1	TGGTGTGCAACGCCGACCTG	2	0.285714285714286
1106	7	6	2.52164063634332	1	GGTGTGCAACGCCGACCTGT	2	0.285714285714286
1107	7	5	2.23592635062903	1	ATCTGGAACGCCGACCTGTG	2	0.285714285714286
1108	7	5	2.23592635062903	1	TCTGGAACGCCGACCTGTGG	2	0.285714285714286
1109	7	5	2.23592635062903	1	CTGGAACGCCGACCTGTGGG	2	0.285714285714286
1110	7	5	2.23592635062903	1	TGGAACGCCGACCTGTGGGA	2	0.285714285714286
1111	7	5	2.23592635062903	1	GGAACGCCGACCTGTGGGAG	2	0.285714285714286
1112	7	4	1.95021206491475	1	GAACGCCGACCTGTGGGAGC	2	0.285714285714286
1113	7	3	1.37878349348618	1	AACGCCGACCTGTGGGAGCT	4	0.571428571428571
1114	7	3	1.37878349348618	1	ACGCCGACCTGTGGGAGCTG	4	0.571428571428571
1115	7	3	1.37878349348618	1	CGCCGACCTGTGGGAGCTGG	4	0.571428571428571
1116	7	3	1.37878349348618	1	GCCGACCTGTGGGAGCTGGA	4	0.571428571428571
1117	7	3	1.37878349348618	1	CCGACCTGTGGGAGCTGGAG	4	0.571428571428571
1118	7	4	1.66449777920046	1	CGACCTGTGGGAGCTGGAGA	4	0.571428571428571
1119	7	5	2.23592635062903	1	GACCTGTGGGAGCTGGAGAG	2	0.285714285714286
1120	7	5	2.23592635062903	1	ACCTGTGGGAGCTGGAGAGC	2	0.285714285714286
1121	7	5	2.23592635062903	1	CCTGTGGGAGCTGGAGAAGC	2	0.285714285714286
1122	7	5	2.23592635062903	1	CTGTGGGAGCTGGAGAGCCG	2	0.285714285714286
1123	7	5	2.23592635062903	1	TGTGGGAGCTGGAGAGCCGC	2	0.285714285714286
1124	7	7	2.8073549220576	1	GTGGGAGCTGGAGCGCCGCC	1	0.142857142857143
1125	7	7	2.8073549220576	1	TGGGAGCTGGAGCGCCGCCT	1	0.142857142857143
1126	7	7	2.8073549220576	1	GGGACCTGGAGAGCCGCATC	1	0.142857142857143
1127	7	7	2.8073549220576	1	GGAGCTGGAGAAGCGCATCA	1	0.142857142857143
1128	7	7	2.8073549220576	1	GAGCTGGAGAGCCGCGTGAA	1	0.142857142857143
1129	7	7	2.8073549220576	1	AGCTGGAGCGCCGCCTGAAG	1	0.142857142857143
1130	7	7	2.8073549220576	1	GCTGGAGAGCCGCGTGAAGG	1	0.142857142857143
1131	7	7	2.8073549220576	1	CTGGAGAGCCGCGTGAAGGA	1	0.142857142857143
1132	7	7	2.8073549220576	1	TGGAGAAGCGCATCAACGCC	1	0.142857142857143
1152	7	7	2.8073549220576	1	ATCGAGGTGGACCTGATCAT	1	0.142857142857143
1153	7	7	2.8073549220576	1	TGCAGCTGGACCTGATCATG	1	0.142857142857143
1154	7	7	2.8073549220576	1	CGACGTGGACCTGATCCTGG	1	0.142857142857143
1155	7	7	2.8073549220576	1	GAGCTGGACCTGATCATGGG	1	0.142857142857143
1156	7	6	2.52164063634332	1	AGCTGGACCTGATCATGGGC	2	0.285714285714286
1157	7	6	2.52164063634332	1	GCTGGACCTGATCATGGGCC	2	0.285714285714286
1158	7	6	2.52164063634332	1	CTGGACCTGATCATGGGCCA	2	0.285714285714286
1159	7	5	2.12808527889139	1	TGGACCTGATCATGGGCCAC	3	0.428571428571429
1160	7	4	1.66449777920046	1	GGACCTGATCATGGGCCACA	4	0.571428571428571
1161	7	2	0.863120568566631	1	GACCTGATCATGGGCCACAG	5	0.714285714285714
1162	7	2	0.863120568566631	1	ACCTGATCATGGGCCACAGC	5	0.714285714285714
1163	7	2	0.863120568566631	1	CCTGATCATGGGCCACAGCA	5	0.714285714285714
1164	7	2	0.863120568566631	1	CTGATCATGGGCCACAGCAA	5	0.714285714285714
1165	7	2	0.863120568566631	1	TGATCATGGGCCACAGCAAG	5	0.714285714285714
1166	7	2	0.863120568566631	1	GATCATGGGCCACAGCAAGG	5	0.714285714285714
1167	7	2	0.863120568566631	1	ATCATGGGCCACAGCAAGGG	5	0.714285714285714
1168	7	2	0.863120568566631	1	TCATGGGCCACAGCAAGGGC	5	0.714285714285714
1169	7	2	0.863120568566631	1	CATGGGCCACAGCAAGGGCC	5	0.714285714285714
1170	7	2	0.863120568566631	1	ATGGGCCACAGCAAGGGCCG	5	0.714285714285714
1171	7	1	0	1	TGGGCCACAGCAAGGGCCGC	7	1
1172	7	1	0	1	GGGCCACAGCAAGGGCCGCT	7	1
1173	7	2	0.591672778582327	1	GGCCACAGCAAGGGCCGCTA	6	0.857142857142857
1174	7	2	0.591672778582327	1	GCCACAGCAAGGGCCGCTAC	6	0.857142857142857
1175	7	3	1.37878349348618	1	CCACAGCAAGGGCCGCTACA	4	0.571428571428571
1176	7	3	1.37878349348618	1	CACAGCAAGGGCCGCTACAT	4	0.571428571428571
1177	7	3	1.37878349348618	1	ACAGCAAGGGCCGCTACATC	4	0.571428571428571
1178	7	3	1.37878349348618	1	CAGCAAGGGCCGCTACATCG	4	0.571428571428571
1179	7	3	1.37878349348618	1	AGCAAGGGCCGCTACATCGC	4	0.571428571428571
1180	7	3	1.37878349348618	1	GCAAGGGCCGCTACATCGCC	4	0.571428571428571
1181	7	3	1.37878349348618	1	CAAGGGCCGCTACATCGCCA	4	0.571428571428571
1182	7	3	1.37878349348618	1	AAGGGCCGCTACATCGCCAT	4	0.571428571428571
1183	7	3	1.37878349348618	1	AGGGCCGCTACATCGCCATC	4	0.571428571428571
1184	7	3	1.37878349348618	1	GGGCCGCTACATCGCCATCG	4	0.571428571428571
1185	7	3	1.37878349348618	1	GGCCGCTACATCGCCATCGA	4	0.571428571428571
1186	7	4	1.66449777920046	1	GCCGCTACATCGCCATCGAC	4	0.571428571428571
1187	7	5	2.12808527889139	1	CCGCTACATCGCCATCGACA	3	0.428571428571429
1188	7	5	2.12808527889139	1	CGCTACATCGCCATCGACAA	3	0.428571428571429
1189	7	5	2.12808527889139	1	GCTACATCGCCATCGACAAC	3	0.428571428571429
1190	7	6	2.52164063634332	1	CTACATCGCCATCGACAACA	2	0.285714285714286
1191	7	6	2.52164063634332	1	TACATCGCCATCGACAACAA	2	0.285714285714286
1192	7	7	2.8073549220576	1	ACGTGGCCATCGAGGCCAAC	1	0.142857142857143
1193	7	7	2.8073549220576	1	CGTGGCCATCGACGCCAACA	1	0.142857142857143
1194	7	7	2.8073549220576	1	ATCGCCATCGACGCCAACAT	1	0.142857142857143
1195	7	7	2.8073549220576	1	TGGCCATCGACGCCAACATC	1	0.142857142857143
1196	7	7	2.8073549220576	1	CGCCATCGACAACAAGATCC	1	0.142857142857143
1197	7	6	2.52164063634332	1	GCCATCGACGCCAACATCCC	2	0.285714285714286
1198	7	6	2.52164063634332	1	CCATCGACGCCAACATCCCG	2	0.285714285714286
1199	7	6	2.52164063634332	1	CATCGACGCCAACATCCCGA	2	0.285714285714286
1200	7	6	2.52164063634332	1	ATCGACGCCAACATCCCGAT	2	0.285714285714286
1201	7	6	2.52164063634332	1	TCGACGCCAACATCCCGATG	2	0.285714285714286
1202	7	6	2.52164063634332	1	CGACGCCAACATCCCGATGG	2	0.285714285714286
1203	7	6	2.52164063634332	1	GACGCCAACATCCCGATGGT	2	0.285714285714286
1204	7	6	2.52164063634332	1	ACGCCAACATCCCGATGGTG	2	0.285714285714286
1205	7	6	2.52164063634332	1	CGCCAACATCCCGATGGTGC	2	0.285714285714286
1206	7	5	2.12808527889139	1	GCCAACATCCCGATGGTGCG	3	0.428571428571429
1207	7	4	1.84237099317711	1	CCAACATCCCGATGGTGCGC	3	0.428571428571429
1208	7	3	1.37878349348618	1	CAACATCCCGATGGTGCGCG	4	0.571428571428571
1209	7	3	1.37878349348618	1	AACATCCCGATGGTGCGCGT	4	0.571428571428571
1210	7	2	0.863120568566631	1	ACATCCCGATGGTGCGCGTG	5	0.714285714285714
1211	7	2	0.863120568566631	1	CATCCCGATGGTGCGCGTGG	5	0.714285714285714
1212	7	1	0	1	ATCCCGATGGTGCGCGTGGG	7	1
1213	7	1	0	1	TCCCGATGGTGCGCGTGGGC	7	1
1214	7	1	0	1	CCCGATGGTGCGCGTGGGCT	7	1
1215	7	1	0	1	CCGATGGTGCGCGTGGGCTT	7	1
1216	7	1	0	1	CGATGGTGCGCGTGGGCTTC	7	1
1217	7	1	0	1	GATGGTGCGCGTGGGCTTCC	7	1
1218	7	1	0	1	ATGGTGCGCGTGGGCTTCCC	7	1
1219	7	1	0	1	TGGTGCGCGTGGGCTTCCCG	7	1
1220	7	1	0	1	GGTGCGCGTGGGCTTCCCGA	7	1
1221	7	1	0	1	GTGCGCGTGGGCTTCCCGAC	7	1
1222	7	1	0	1	TGCGCGTGGGCTTCCCGACC	7	1
1223	7	1	0	1	GCGCGTGGGCTTCCCGACCT	7	1
1224	7	1	0	1	CGCGTGGGCTTCCCGACCTT	7	1
1225	7	1	0	1	GCGTGGGCTTCCCGACCTTC	7	1
1226	7	1	0	1	CGTGGGCTTCCCGACCTTCG	7	1
1227	7	1	0	1	GTGGGCTTCCCGACCTTCGA	7	1
1228	7	1	0	1	TGGGCTTCCCGACCTTCGAC	7	1
1229	7	1	0	1	GGGCTTCCCGACCTTCGACC	7	1
1230	7	1	0	1	GGCTTCCCGACCTTCGACCG	7	1
1231	7	1	0	1	GCTTCCCGACCTTCGACCGC	7	1
1232	7	2	0.591672778582327	1	CTTCCCGACCTTCGACCGCG	6	0.857142857142857
1233	7	2	0.591672778582327	1	TTCCCGACCTTCGACCGCGC	6	0.857142857142857
1234	7	2	0.591672778582327	1	TCCCGACCTTCGACCGCGCC	6	0.857142857142857
1235	7	2	0.591672778582327	1	CCCGACCTTCGACCGCGCCG	6	0.857142857142857
1236	7	2	0.591672778582327	1	CCGACCTTCGACCGCGCCGG	6	0.857142857142857
1237	7	2	0.591672778582327	1	CGACCTTCGACCGCGCCGGC	6	0.857142857142857
1238	7	2	0.591672778582327	1	GACCTTCGACCGCGCCGGCC	6	0.857142857142857
1239	7	2	0.591672778582327	1	ACCTTCGACCGCGCCGGCCT	6	0.857142857142857
1240	7	2	0.591672778582327	1	CCTTCGACCGCGCCGGCCTG	6	0.857142857142857
1241	7	2	0.591672778582327	1	CTTCGACCGCGCCGGCCTGT	6	0.857142857142857
1242	7	3	1.37878349348618	1	TTCGACCGCGCCGGCCTGTA	4	0.571428571428571
1243	7	3	1.37878349348618	1	TCGACCGCGCCGGCCTGTAC	4	0.571428571428571
1244	7	3	1.37878349348618	1	CGACCGCGCCGGCCTGTACC	4	0.571428571428571
1245	7	3	1.37878349348618	1	GACCGCGCCGGCCTGTACCG	4	0.571428571428571
1246	7	3	1.37878349348618	1	ACCGCGCCGGCCTGTACCGC	4	0.571428571428571
1247	7	5	2.23592635062903	1	CCGCGCCGGCCTGTACCGCA	2	0.285714285714286
1248	7	6	2.52164063634332	1	CGCGCCGGCCTGTACCGCAA	2	0.285714285714286
1249	7	6	2.52164063634332	1	GCGCCGGCCTGTACCGCAAG	2	0.285714285714286
1250	7	6	2.52164063634332	1	CGCCGGCCTGTACCGCAAGC	2	0.285714285714286
1251	7	6	2.52164063634332	1	GCCGGCCTGTACCGCAAGCC	2	0.285714285714286
1252	7	6	2.52164063634332	1	CCGGCCTGTACCGCAAGCCG	2	0.285714285714286
1253	7	6	2.52164063634332	1	CGGCCTGTACCGCAAGCCGA	2	0.285714285714286
1254	7	7	2.8073549220576	1	GGCCTGTACCGCAAGCCGAG	1	0.142857142857143
1255	7	7	2.8073549220576	1	GCCTGTGGAAGTACCCGGTG	1	0.142857142857143
1256	7	7	2.8073549220576	1	CCTGTGGAAGAACCCGGTGA	1	0.142857142857143
1257	7	7	2.8073549220576	1	CTGTACCGCCGCCCGACCAT	1	0.142857142857143
1258	7	7	2.8073549220576	1	TGTGGAAGTACCCGGTGATC	1	0.142857142857143
1259	7	7	2.8073549220576	1	GTGGAAGAACCCGGTGATCG	1	0.142857142857143
1260	7	7	2.8073549220576	1	TGGCGCCAGCCGGTGATCGG	1	0.142857142857143
1261	7	7	2.8073549220576	1	GGAAGTACCCGGTGATCGGC	1	0.142857142857143
1262	7	7	2.8073549220576	1	GCGCCAGCCGGTGATCGGCT	1	0.142857142857143
1263	7	7	2.8073549220576	1	CGCCGCCCGACCATGGGCTA	1	0.142857142857143
1264	7	7	2.8073549220576	1	GCCAGCCGGTGATCGGCTAC	1	0.142857142857143
1265	7	7	2.8073549220576	1	CCAGCCGGTGATCGGCTACA	1	0.142857142857143
1266	7	7	2.8073549220576	1	CGCCCGACCATGGGCTACCA	1	0.142857142857143
1267	7	7	2.8073549220576	1	GCCCGACCATGGGCTACCAG	1	0.142857142857143
1268	7	7	2.8073549220576	1	CCCGGTGATCGGCTACCGCG	1	0.142857142857143
1269	7	6	2.52164063634332	1	CCGGTGATCGGCTACAAGGG	2	0.285714285714286
1270	7	6	2.52164063634332	1	CGGTGATCGGCTACAAGGGC	2	0.285714285714286
1271	7	6	2.52164063634332	1	GGTGATCGGCTACAAGGGCG	2	0.285714285714286
1272	7	6	2.52164063634332	1	GTGATCGGCTACAAGGGCGC	2	0.285714285714286
1273	7	6	2.52164063634332	1	TGATCGGCTACAAGGGCGCC	2	0.285714285714286
1274	7	7	2.8073549220576	1	CATGGGCTACCAGGGCGCCA	1	0.142857142857143
1275	7	6	2.52164063634332	1	ATCGGCTACAAGGGCGCCAT	2	0.285714285714286
1276	7	6	2.52164063634332	1	TCGGCTACAAGGGCGCCATG	2	0.285714285714286
1277	7	7	2.8073549220576	1	CGGCTACCAGGGCGCCATGG	1	0.142857142857143
1278	7	6	2.52164063634332	1	GGCTACCAGGGCGCCATGGA	2	0.285714285714286
1279	7	6	2.52164063634332	1	GCTACCAGGGCGCCATGGAG	2	0.285714285714286
1280	7	6	2.52164063634332	1	CTACCAGGGCGCCATGGAGC	2	0.285714285714286
1281	7	6	2.52164063634332	1	TACCAGGGCGCCATGGAGCT	2	0.285714285714286
1282	7	6	2.52164063634332	1	ACCAGGGCGCCATGGAGCTG	2	0.285714285714286
1283	7	6	2.52164063634332	1	CCAGGGCGCCATGGAGCTGG	2	0.285714285714286
1284	7	6	2.52164063634332	1	CAGGGCGCCATGGAGCTGGG	2	0.285714285714286
1285	7	5	2.12808527889139	1	AGGGCGCCATGGAGCTGGGC	3	0.428571428571429
1286	7	5	2.12808527889139	1	GGGCGCCATGGAGCTGGGCG	3	0.428571428571429
1287	7	5	2.12808527889139	1	GGCGCCATGGAGCTGGGCGA	3	0.428571428571429
1288	7	5	2.12808527889139	1	GCGCCATGGAGCTGGGCGAG	3	0.428571428571429
1289	7	6	2.52164063634332	1	CGCCATGGAGCTGGGCGAGA	2	0.285714285714286
1290	7	7	2.8073549220576	1	GCCGAGTGGCTGGGCGACGC	1	0.142857142857143
1291	7	7	2.8073549220576	1	CCATGCTGCTGGCCGACATG	1	0.142857142857143
1292	7	7	2.8073549220576	1	CGAGTGGCTGGCCGAGAACA	1	0.142857142857143
1293	7	7	2.8073549220576	1	ATGCTGCTGGGCGAGACCAT	1	0.142857142857143
1294	7	7	2.8073549220576	1	TGCTGCTGGCCGACATGATC	1	0.142857142857143
1295	7	7	2.8073549220576	1	GGAGCTGGGCGAGACCATCG	1	0.142857142857143
1296	7	7	2.8073549220576	1	TGGCTGGGCGACGCCATCGC	1	0.142857142857143
1297	7	7	2.8073549220576	1	TGCTGGGCGAGACCATCGCC	1	0.142857142857143
1298	7	6	2.52164063634332	1	GCTGGGCGAGACCATCGCCA	2	0.285714285714286
1299	7	6	2.52164063634332	1	CTGGGCGAGACCATCGCCAA	2	0.285714285714286
1300	7	6	2.52164063634332	1	TGGGCGAGACCATCGCCAAC	2	0.285714285714286
1301	7	7	2.8073549220576	1	GGCCGAGAACATCGCCAACA	1	0.142857142857143
1302	7	7	2.8073549220576	1	GGCGAGGCCATCGCCAACGC	1	0.142857142857143
1303	7	7	2.8073549220576	1	GCGAGACCATCGCCAACGCC	1	0.142857142857143
1304	7	7	2.8073549220576	1	CGAGAACATCGCCAACACCA	1	0.142857142857143
1305	7	7	2.8073549220576	1	GAGGCCATCGCCAACGCCCT	1	0.142857142857143
1306	7	7	2.8073549220576	1	ACGCCATCGCCAACGCCATG	1	0.142857142857143
1307	7	7	2.8073549220576	1	CATGATCGCCAACACCATGT	1	0.142857142857143
1308	7	7	2.8073549220576	1	ACCATCGCCAACGCCCTGTT	1	0.142857142857143
1309	7	6	2.52164063634332	1	CCATCGCCAACGCCCTGTTC	2	0.285714285714286
1310	7	7	2.8073549220576	1	CATCGCCAACGCCCTGTTCG	1	0.142857142857143
1311	7	6	2.52164063634332	1	ATCGCCAACGCCATGTTCGC	2	0.285714285714286
1312	7	6	2.52164063634332	1	TCGCCAACGCCATGTTCGCC	2	0.285714285714286
1313	7	7	2.8073549220576	1	CGCCAACACCCTGTTCGCCC	1	0.142857142857143
1314	7	7	2.8073549220576	1	GCCAACGCCCTGTTCGCCCA	1	0.142857142857143
1315	7	7	2.8073549220576	1	CCAACACCATCTTCGCCAGC	1	0.142857142857143
1316	7	7	2.8073549220576	1	CAACACCATGTTCGCCGACA	1	0.142857142857143
1317	7	7	2.8073549220576	1	AACACCATGTTCGCCGACAT	1	0.142857142857143
1318	7	7	2.8073549220576	1	ACGCCATGTTCGCCCACATG	1	0.142857142857143
1319	7	7	2.8073549220576	1	CGCCATGTTCGCCGACATGG	1	0.142857142857143
1320	7	7	2.8073549220576	1	GCCCTGTTCGCCCACATGGA	1	0.142857142857143
1321	7	5	2.23592635062903	1	CCATGTTCGCCGACATGGAG	2	0.285714285714286
1322	7	6	2.52164063634332	1	CCTGTTCGCCCACATGGAGT	2	0.285714285714286
1323	7	6	2.52164063634332	1	CTGTTCGCCCACATGGAGTA	2	0.285714285714286
1324	7	5	2.12808527889139	1	TGTTCGCCCACATGGAGTAC	3	0.428571428571429
1325	7	5	2.12808527889139	1	GTTCGCCCACATGGAGTACA	3	0.428571428571429
1326	7	6	2.52164063634332	1	TTCGCCCACATGGAGTACAA	2	0.285714285714286
1327	7	6	2.52164063634332	1	TCGCCCACATGGAGTACAAC	2	0.285714285714286
1328	7	6	2.52164063634332	1	CGCCCACATGGAGTACAACA	2	0.285714285714286
1329	7	6	2.52164063634332	1	GCCCACATGGAGTACAACAA	2	0.285714285714286
1330	7	5	2.23592635062903	1	CCCACATGGAGTACACCCGC	2	0.285714285714286
1331	7	6	2.52164063634332	1	CCACATGGAGTACACCCGCA	2	0.285714285714286
1332	7	6	2.52164063634332	1	CACATGGAGTACACCCGCAA	2	0.285714285714286
1333	7	6	2.52164063634332	1	ACATGGAGTACACCCGCAAC	2	0.285714285714286
1334	7	6	2.52164063634332	1	CATGGAGAACAAGCACGACC	2	0.285714285714286
1335	7	6	2.52164063634332	1	ATGGAGAACAAGCACGACCG	2	0.285714285714286
1336	7	6	2.52164063634332	1	TGGAGAACAAGCACGACCGC	2	0.285714285714286
1337	7	6	2.52164063634332	1	GGAGAACAAGCACGACCGCG	2	0.285714285714286
